89383 95368 93368
Deletion failed.
89383 36915 13926 13929 23058 19582 18149
89383 36915 85386
89383 36915 13926 13929
Deletion failed.
90071
90071
Deletion failed.
90071
90071 36915 13926 3526 8117 9503
90071
90071
90071
90071 36915 13926 13929 23058 27684 33367
90071 36915 85386 39507 68690 65782 65123 63368
Deletion failed.
Deletion failed.
90071 36915 85386 39507 68690 65123 67917 67587
Deletion failed.
90071 36915 13926 13929
90071 99336 90868
90071 99336
Deletion failed.
Deletion failed.
90071 36915 13926 13929 23058 24286 23205
90071 36915 68690 78042
90071 99336 90868
90071 99336 90868
Deletion failed.
90071 36915 13926 3526 8117 13773
Deletion failed.
Deletion failed.
90071 99336
90071 99336
Deletion failed.
Deletion failed.
90071 34994 13926 13929 23058 19582 20483
90071 34994 13926 13929
90071 99336 90868
90071 99336 90868
90071 34994 13929 3526 2651
90071 99336
90071 34994 13929 23058 24286 33367 27284
90071 34994 13929 23058 24286 33367 27284
Deletion failed.
90071 34994 68690 78042 72260 69911
90071 99336
90071 99336
90071 99336 90868 99170
90071 99336 99170
90071 99336 99170
Deletion failed.
90071 99336 99170
90071 34994 68690 63368 59956 55422
Deletion failed.
90071 34994 68690 63368 59956 55422
Deletion failed.
Deletion failed.
90071 34994 68690 63368 59956 55422
Deletion failed.
Deletion failed.
90071 34994 68690 63368 67917
90071 34994 68690 78042 72260
90071 99336 99708
90071 99336 99170 96157
90071 34994 68690 78042 72260
Deletion failed.
90071 99336 99708
90071 99336 99708
Deletion failed.
90071 99708 99170 96157
90071 99708
90071 34994 68690 63368 67917 67587
Deletion failed.
90071 99708
90071 34994 68690 63368 59956 60756
90071 99708 99170 96157
90071 99708 99170 96157
90071 34994 13929 23205 25171 23382
90071 34994 13929 3526 13773
Deletion failed.
Deletion failed.
90071 99708
Deletion failed.
90071 34994 68690 78042 72260
Deletion failed.
90071 99708 99170 96157
90071 99708
Deletion failed.
90071 99708
Deletion failed.
Deletion failed.
Deletion failed.
90071 99708
90071 99708 99170 96157
90071 99708 99170 96157
Deletion failed.
Deletion failed.
90071 23382 68690 65421 59956 60756
90071 99708
90071 99708
Deletion failed.
Deletion failed.
Deletion failed.
Deletion failed.
90071 99708 99355 96157 93418
90071 23382 13929 20019 18902
Deletion failed.
Deletion failed.
90071 23382 13929 20019 18902
90071 99708 99355
90071 99708
Deletion failed.
Deletion failed.
Deletion failed.
90071 99708
90071 99708 99355 99426
Deletion failed.
Deletion failed.
90071 23382 69559 87330 86742
90071 99708 99355 96157
Deletion failed.
90071 99708 99355 96157
90071 99708
90071 99708
Deletion failed.
Deletion failed.
90071 99708 99355 96157
Deletion failed.
Deletion failed.
Deletion failed.
Deletion failed.
90071 23382 69559 65186 67279
90071 23382 69559 65186 67279
90071 99355 99426
Deletion failed.
93418
Deletion failed.
Deletion failed.
Deletion failed.
93418
93418
93418
Deletion failed.
93418 23382 13929 3465 13773 8324 4919
93418
93418 23382 69559 89683 84680 88427
93418
93418
Deletion failed.
Deletion failed.
Deletion failed.
93418
93418
Deletion failed.
93418 23768 25361
Deletion failed.
Deletion failed.
93418 23768 13929 3465 13773
Deletion failed.
93418 23768 13929 18902
93418 96534
93418 23768 13929 3465 13773
93418 23768 13929 3465 13773
Deletion failed.
93418 23768 13929 3465 13773 8324 4919 3786
93418 96534
93418 23768 13929 18902 15873
93418 23768 13929 3465 2906
Deletion failed.
Deletion failed.
93418 23768 13929 3465 2906
93418 96534 99426
Deletion failed.
Deletion failed.
Deletion failed.
93418 23768 25361
Deletion failed.
93418 96534
93418 23768 13929 18902 19017
93418 96534
93418 96534 99426
Deletion failed.
93418 23768 13929 3465 8324 4919 6616
Deletion failed.
Deletion failed.
Deletion failed.
Deletion failed.
Deletion failed.
93418 96534 99426
93418 96534
93418 96534
93418 23768 15873 22626
93418 23768 15873 3465
Deletion failed.
93418 96534 99426
Deletion failed.
93418 23768 15873 22626
Deletion failed.
Deletion failed.
Deletion failed.
Deletion failed.
93418 96534
Deletion failed.
93418 96534
93418 25361 18865 3465
Deletion failed.
93418 25361 18865 3465 8324
Deletion failed.
Deletion failed.
93418 25361 58260 33483 31867
93418 25361 58260 33483 31867
93418 96534 98986
93418 25361 18865 22376
93418 25361 18865 8324 4919 6616
Deletion failed.
93418 96534
Deletion failed.
Deletion failed.
93418 96534
93418 96534
93418 25361 62337 33483 52280
Deletion failed.
93418 25361 62337 33483 52280
Deletion failed.
Deletion failed.
93418 96534 98986
Deletion failed.
93418 25361 62337 33483 31867
Deletion failed.
Deletion failed.
93418 25361 18865 8324 6616 3786
93418 96534
93418 25361 62337 86227 88582
93418 25361 62337 86227 64835
93418 96534
93418 96534
93418 96534 98986
93418 25361 52280 86227 64835
Deletion failed.
93418 96534 98986
93418 25361 18865
Deletion failed.
93418 96534
93418 25361 18865 8324 6616 7466
93418 25361 52280 31867 35104
Deletion failed.
Deletion failed.
93418 96534
Deletion failed.
Deletion failed.
93418 18865 8324 13236 10875
Deletion failed.
Deletion failed.
93418 18865 8324 7466 4105 2345
93418 18865 8324 7466 4105 2345
Deletion failed.
Deletion failed.
93418 13236 52280 86227 64835 57344
93418 13236 52280 86227 88582 92200
93418 13236 52280 86227 88582 92200
Deletion failed.
Deletion failed.
93418 13236 52280 31867 34319 46286 35412
93418 13236 8324
Deletion failed.
93418 13236 7466 4485
Deletion failed.
93418 96534 96358
93418 7654 4485
Deletion failed.
93418 7654 4485
93418 7654 4485
93418 96534 98986
93418 96534 96358
Deletion failed.
Deletion failed.
93418 7654 4485 2345
Deletion failed.
Deletion failed.
93418 7654 52280 86227 92200 92300
Deletion failed.
93418 7654 52280 28291 27834 20737
93418 7654 46286 86227 92200 92300
Deletion failed.
Deletion failed.
93418 7654 2345 2942
93418 7654 46286 86227 64835 74723 79927 85506
93418 98986 96358
93418 7654 46286 28291 27834
93418 7654 46286 28291 27834
Deletion failed.
Deletion failed.
93418 98986
Deletion failed.
Deletion failed.
Deletion failed.
93418 8003
Deletion failed.
93418 98986 96358
93418 98986
Deletion failed.
Deletion failed.
93418 98986
Deletion failed.
93418 8003 33179 9428
Deletion failed.
Deletion failed.
Deletion failed.
93418 8003 33179 85506 86386
93418 8003 2345 2942
93418 8003 2345
93418 98986
Deletion failed.
Deletion failed.
93418 8003 2345 2942 6748
93418 98986
Deletion failed.
Deletion failed.
Deletion failed.
Deletion failed.
93418 98986
93418 8003 33179 85506 64626 69710 74723 78661
93418 98986
Deletion failed.
Deletion failed.
93418 98986
Deletion failed.
93418 98986
Deletion failed.
Deletion failed.
Deletion failed.
93418 98986
93418 8003 33179 15875 18557
93418 8003 2345
93418 6748 2345
93418 98986 96358
93418 98986 96358
93418 6748 2345 2942
93418 6748 2345 2942
Deletion failed.
Deletion failed.
93418 98986 96358
Deletion failed.
93418 6748 2345
