289383 636915 368690 336327 344043 363368
289383 636915 368690 336327 344043 363368
289383 89172 233367 108117
289383 89172 233367 260756 276965
289383 636915 885386 641421 665123 651434
289383 89172 233367 108117
289383 636915 885386 641421
Deletion failed.
Deletion failed.
289383 89172 66601 67917
Deletion failed.
289383 89172 233367 108117
289383 89172 233367 260756 243555 235128
289383 89172 233367 260756 243555 235128
Deletion failed.
289383 89172 66601 43324 3033
289383 636915 834481 641421
289383 89172 233367 260756 243555 235128
289383 89172 233367 108117
289383 89172 66601 43324
Deletion failed.
289383 636915 834481 961393 898537 925857 947468
289383 89172 66601 67917 79444
Deletion failed.
276965 89172 233367 108117 179497 148365 114613
276965 89172 233367 262009
276965 89172 233367 262009
276965 89172 66601 43324
276965 634994 834481 961393 999170 993368 962600 974580
276965 89172 233367 262009
276965 634994 368690 513929 465782 484421 467587
276965 634994 834481 665123 723058 702305 695788 689772 667372
Deletion failed.
276965 634994 368690 513929 465782 484421 502651
276965 634994 834481 665123 651434 658390
276965 634994 834481 665123 651434 658390
276965 634994 834481 961393 898537 925857 947468 933681
276965 634994 368690 336327 327684 335928
276965 634994 368690 336327 327684 335928
Deletion failed.
276965 634994 368690 336327 327684 335928
276965 634994 834481 665123 651434
Deletion failed.
276965 89172 233367 262009
Deletion failed.
276965 89172 233367 262009
276965 89172 233367 262009
276965 89172 66601 43324 3033
276965 634994 370163 336327 344043 354340
276965 634994 370163 336327 344043 354340
276965 89172 233367 108117
Deletion failed.
276965 634994 834481 961393 898537 925857 947468 933681
276965 634994 834481 961393 898537 894428
Deletion failed.
276965 89172 66601 67917
276965 621703 370163 513929 595368 573317 585795
276965 621703 370163 513929 595368 573317 585795
276965 89172 66601 43324 55805
276965 621703 834481 961393 898537 894428
276965 621703 834481 961393 898537 894428
276965 621703 834481 665123 723058 702305 689772 666328
276965 89172 233367 108117
276965 89172 233367 262009 243555 235128
Deletion failed.
276965 89172 66601 43324 27284 19593
276965 621703 370163 336327 327684 324914
Deletion failed.
276965 621703 834481 665123 723058 702305 689772 666328
276965 108117 233367 262009 243555 235128
Deletion failed.
276965 108117 233367 262009
276965 108117 233367 262009
276965 621703 370163 336327 332231 335928
276965 621703 370163 513929 467587 484421 502651 487131
Deletion failed.
Deletion failed.
276965 621703 370163 513929 620483
276965 621703 370163 513929 620483
276965 108117 233367 189435 114613
Deletion failed.
Deletion failed.
Deletion failed.
276965 108117 233367 262009 269559
276965 108117 66601 67917 99355
Deletion failed.
Deletion failed.
276965 621703 834481 933990 899228 894428 880226
276965 621703 370163 513929 467587 484421 469911
276965 108117 233367 189435 114613 110197
Deletion failed.
Deletion failed.
269559 108117 233367 189435 218593
269559 621703 370163 336327 344043 348142 346092
Deletion failed.
Deletion failed.
269559 621703 370163 336327 344043 348142 346092
269559 621703 834481 666328 723058 702305 711850 718902
Deletion failed.
269559 621703 834481 666328 723058 702305 711850 718902
269559 621703 834481 962600 999170 993368 982933 963981
269559 621703 834481 962600 999170 993368 982933 963981
Deletion failed.
Deletion failed.
269559 108117 66601 67917
Deletion failed.
269559 108117 233367 189435 208324
269559 621703 370163 510635 467587 469911
269559 621703 370163 510635 467587 433483 408282 372260 372661
Deletion failed.
269559 108117 66601 67917
Deletion failed.
269559 621703 834481 673339
269559 621703 834481 673339
269559 621703 370163 510635 467587 433483
Deletion failed.
269559 621703 370163 510635 467587 469911
269559 108117 233367 262009
269559 621703 370163 336327 342723 348142 346092
269559 621703 834481 933681 999170 993368
269559 621703 834481 933681 999170 993368
Deletion failed.
269559 108117 233367 262009 243555 247643 256508
269559 108117 66601 67917
269559 621703 370163 510635 620483 585795 603786 596534
269559 621703 834481 673339 723058 702305 711850 706141
300821 621703 834481 933681 999170
300821 108117 233367 189435 202906
300821 621703 834481 933681 899228 925857 901474
300821 621703 370163 510635 467587 469911
Deletion failed.
300821 108117 233367 189435 114613 110197
300821 621703 370163 336327 342723 348142 346092
300821 621703 370163 336327 342723 348142 365159
300821 621703 370163 336327 342723 348142 365159
Deletion failed.
300821 621703 834481 673339 723058 803526 745691 723382
300821 110197 66601 67917
300821 110197 66601 67917
Deletion failed.
300821 621703 834481 933681 999170
300821 110197 233367 262009 243555 247643
300821 621703 370163 510635 467587 433483 463633
300821 110197 233367 262009 243555 235128
Deletion failed.
300821 621703 834481 933681 899228 925857 901474
Deletion failed.
Deletion failed.
300821 110197 58752 43324 48498
300821 621703 370163 510635 620483
300821 110197 58752 43324 48498 53418
300821 110197 58752 43324 48498
300821 110197 233367 262009
Deletion failed.
300821 621703 370163 336327 324914 335928
300821 110197 58752 43324 48498
300821 110197 58752 43324 48498
300821 621703 834481 673339 622626 643461
300821 621703 834481 673339 723058 808933 825171
300821 110197 233367 262009 262337
Deletion failed.
300821 621703 370163 510635 585795 596534
300821 110197 58752 28067 48498 53418
300821 621703 834481 673339 723058 718902
300821 621703 834481 982933 993368
300821 110197 233367 262009 243555 247643 256508
300821 110197 233367 262009 262337
Deletion failed.
Deletion failed.
300821 621703 370163 510635 469911 433483 445950
300821 110197 58752 67917 97051 88582
300821 110197 58752 28067 9719
Deletion failed.
300821 621703 370163 336327 306616 335928 331867 333694
Deletion failed.
300821 110197 220435 197235 204105
Deletion failed.
300821 110197 220435 197235 204105
300821 110197 220435 262009 243555 256508 255140
306616 110197 58752 28067 48498 53418
306616 621703 370163 336327 342723 341089
306616 621703 370163 336327 342723 341089
306616 110197 58752 67917 64835
306616 110197 220435 197235 114613 132540 128223
306616 621703 834481 673339 628447
306616 110197 58752 28067 9719
306616 621703 834481 982933 880226 843881
306616 110197 58752 28067 48498 53418
306616 110197 220435 197235 114613 132540
306616 621703 370163 510635 469911 423768 388427
306616 110197 58752 67917 97051 88582
306616 110197 220435 256508 262337 265375 274723
Deletion failed.
Deletion failed.
306616 621703 370163 336327 335928
Deletion failed.
306616 628447 834481 982933 880226 843881 857344
306616 110197 58752 28067 48498
Deletion failed.
306616 628447 370163 510635 469911 423768 388427
306616 110197 220435 256508 262337
306616 110197 58752 67917 64835
Deletion failed.
306616 628447 834481 673339 723058 808933 799426 802345
306616 110197 58752 28067 9719
306616 633179 370163 336327 342723 341089
306616 633179 834481 982933 993368
306616 633179 370163 510635 580282 520019 550253
306616 110197 58752 9719 48498
306616 110197 58752 67917 97051
306616 110197 58752 67917 97051
306616 110197 220435 256508 243555 255140 251761
Deletion failed.
306616 633179 827834 673339
Deletion failed.
Deletion failed.
306616 110197 220435 256508 262337
Deletion failed.
306616 633179 827834 723058 808933 799426 768681
306616 110197 58752 67917 64835
Deletion failed.
306616 110197 220435 256508 243555 255140 251761
306616 633179 827834 982933 993368 986238
306616 110197 220435 256508 243555 255140
306616 633179 370163 336327 342723 348142 365159
306616 110197 64835 67917 97051 104896
306616 110197 220435 256508 243555 255140
306616 633179 370163 510635 469911 508860
306616 633179 370163 336327 342723 348142 346092
306616 110197 220435 197235 200987
Deletion failed.
306616 110197 64835 67917 97051
306616 110197 64835 48498 9428
Deletion failed.
Deletion failed.
306616 633179 827834 776180 718902 720737
306616 110197 220435 197235 114613
306616 633179 370163 336327 342723 348142 346092
306616 633179 370163 520019 580282 535680 534702
Deletion failed.
265375 110197 64835 48498 9428
265375 633179 827834 982933 986238
Deletion failed.
Deletion failed.
265375 110197 220435 197235 114613
265375 633179 827834 982933 986238
265375 633179 827834 776180 718902 707654
265375 110197 64835 67917
Deletion failed.
265375 633179 827834 776180 718902 707654 704485
Deletion failed.
265375 110197 220435 197235 161002 164626
265375 110197 64835 67917
265375 633179 370163 535680 580282 619204 631809
265375 633179 370163 341089 342723
265375 110197 220435 256508 251761
265375 110197 220435 197235 200987
265375 631809 370163 535680 469911 430207 457716 469147
265375 631809 370163 535680 469911 430207 387964 372661 387409
Deletion failed.
265375 110197 64835 97051 104896 108003
Deletion failed.
265375 631809 827834 776180 718902 707654 718295
265375 631809 827834 776180 718902 707654 704485
265375 110197 220435 197235 217690
265375 110197 220435 197235 217690
265375 110197 64835 59619 60014 62934
265375 110197 64835 59619 60014 62934
265375 631809 827834 776180 718902 740259 749339 774969
265375 631809 827834 982933 886384 915875 928291 920488
265375 631809 827834 982933 886384 843881 874974
265375 110197 64835 59619 6484
265375 110197 220435 256508 251761 235104 236448 243658
Deletion failed.
265375 631809 370163 535680 473287 430207 387964 372661
265375 631809 827834 982933 986238
265375 631809 827834 776180 808933 799426 785506 779600
265375 110197 64835 59619 6484
Deletion failed.
Deletion failed.
Deletion failed.
265375 631809 370163 341089 282619 310992 326130 339467
265375 631809 370163 341089 282619
265375 110197 220435 256508 261902
Deletion failed.
265375 110197 220435 256508 261902
265375 110197 64835 97051 104896 108003 108019
Deletion failed.
265375 631809 370163 535680 580282 564350 572322
265375 110197 89325 59619 6484
265375 631809 370163 535680 580282 619204 586442
265375 110197 220435 197235 161002 119944
265375 631809 827834 969710 986238
265375 110197 89325 59619 60014 62934
265375 110197 89325 97051 90212
265375 631809 370163 341089 342723 341976
Deletion failed.
Deletion failed.
Deletion failed.
Deletion failed.
265375 110197 89325 97051 90212
Deletion failed.
Deletion failed.
Deletion failed.
265375 631809 827834 986238 912055 928291 920488
265375 110197 89325 97051 108019
265375 110197 220435 197235 217690 218466
265375 110197 220435 197235 217690 216347
265375 110197 220435 197235 217690 218466
265375 631809 827834 986238 912055 920488
Deletion failed.
265375 631809 827834 986238
265375 631809 827834 774969 723354 749339
265375 110197 220435 197235 157620 119944
265375 110197 89325 59619 6484 8216
265375 631809 827834 774969 799426 785506 788837
265375 110197 89325 97051 90212
265375 110197 220435 256508 251761
265375 110197 220435 256508 251761 235104 236448 243658
265375 110197 220435 197235 217690 216347
265375 110197 220435 197235 217690 218466
265375 631809 370163 535680 487783 430207 391568
265375 631809 370163 535680 572322 564350
Deletion failed.
Deletion failed.
Deletion failed.
Deletion failed.
Deletion failed.
Deletion failed.
265375 631809 370163 517875 487783 507752 506748
265375 631809 370163 517875 572322 586442 615538 626607
265375 110197 89325 8216 60014 73370 82424
265375 110197 220435 256508 251761
Deletion failed.
265375 110197 220435 197235 157620 119944 138326
265375 110197 220435 256508 261902
Deletion failed.
Deletion failed.
265375 631809 370163 341089 346092 341976
265375 110197 82424 8216 6484
265375 110197 82424 8216 60014 73370
Deletion failed.
265375 631809 827834 774969 723354 718295 677717 661689
Deletion failed.
265375 110197 220435 197235 157620 164626 164576
265375 110197 82424 97051 90212
265375 110197 82424 97051 90212
265375 631809 370163 507752 572322 586442
265375 631809 370163 507752 487783 506748
265375 110197 220435 197235 217690 216347
265375 631809 827834 774969 723354 749339 734132
265375 631809 370163 341089 346092 351142 365439
265375 631809 370163 341089 282619 280396 273398
265375 631809 370163 341089 346092 341976
265375 110197 220435 197235 217690 218466 219639
273398 110197 220435 197235 217690 216347 203165
273398 631809 843881 774969 723354 718295
273398 110197 82424 108019
273398 110197 220435 256508 251761 235104 234956 228399
273398 631809 843881 774969 723354 718295
Deletion failed.
273398 110197 220435 256508 261902
Deletion failed.
273398 110197 220435 197235 157620 164626 187937 169370
Deletion failed.
273398 631809 843881 912055 920488 918751
273398 631809 370163 341089 346092 365439
273398 631809 370163 341089 346092 365439
273398 110197 220435 197235 218466 219639
273398 631809 370163 507752 487783 440376 457716 469147
Deletion failed.
273398 110197 220435 197235 157620 164626 187937 169370
273398 110197 90212 108019
273398 631809 843881 766083 734132 749339
273398 110197 90212 108019
273398 110197 90212 8216
273398 110197 90212 8216
273398 631809 370163 507752 572322 564350
273398 631809 370163 507752 572322 564350
Deletion failed.
273398 119944 90212 8216 73370 43725 44317
Deletion failed.
273398 119944 220435 197235 218466 219639
273398 631809 843881 912055 874974 868784
273398 119944 90212 108019 107681
Deletion failed.
273398 631809 370163 341089 282619 280396
273398 631809 370163 507752 572322 564350
273398 119944 220435 197235 218466 219639
Deletion failed.
273398 119944 220435 197235 163038 138326 129326 123840
Deletion failed.
273398 119944 90212 8216
273398 631809 843881 912055 920488 918751
273398 631809 843881 912055 874974 868784 866392 851235 852888
Deletion failed.
273398 631809 843881 912055 874974 868784 866392 851235 852888
273398 119944 220435 197235 218466 219639
273398 119944 220435 256508 251761
273398 119944 90212 108019 107681
Deletion failed.
273398 631809 843881 912055 920488 966149
Deletion failed.
273398 631809 843881 766083 799426 788837
273398 631809 843881 766083 734132 718295 677717 694996
273398 119944 219639 197235 163038 138326 129326 123840
273398 119944 219639 251761 261902 271361
273398 119944 90212 8216
Deletion failed.
273398 119944 219639 251761 261902 271361
Deletion failed.
Deletion failed.
273398 631809 370163 507752 487783 434455 457716 469147 486128
273398 631809 843881 912055 874974 905751 904018
Deletion failed.
273398 119944 219639 251761 228399
273398 631809 843881 766083 799426 817184
Deletion failed.
273398 119944 219639 251761 228399 236448
273398 119944 219639 251761 228399 236448
273398 631809 370163 507752 572322 586442 604753
273398 119944 90212 8216 73370 87183
273398 119944 90212 8216
Deletion failed.
Deletion failed.
273398 119944 90212 8216 73370 87183
Deletion failed.
273398 119944 90212 8216 73370 87183
Deletion failed.
273398 119944 219639 187937 218466 216347 203165
273398 631809 370163 341089 353914
273398 631809 370163 341089 282619
273398 119944 90212 108019
273398 119944 219639 251761 261902 256958
273398 119944 90212 108019
273398 631809 851235 912055 868784 905751 904018
273398 119944 219639 251761 228399 231996 235975
273398 119944 90212 8216
Deletion failed.
Deletion failed.
273398 119944 90212 8216
273398 119944 219639 251761 228399 231996 235975
273398 119944 90212 108019
273398 119944 219639 187937 218466
Deletion failed.
273398 631809 370163 341089 353914 365439 354089
273398 119944 90212 8216
Deletion failed.
273398 119944 219639 251761 261902 256958
273398 119944 90212 8216 73370 43725 34190
273398 119944 219639 251761 261902 256958
273398 631809 370163 544207 572322 586442
273398 119944 90212
273398 119944 90212
273398 631809 851235 912055 904018 852888 866557 854194
273398 631809 370163 341089 282619 310992 302073
273398 631809 370163 544207 572322 564350 564037 552473 546728
273398 631809 851235 912055 904018 905751 908520
Deletion failed.
273398 119944 219639 203165 218466
273398 119944 219639 251761 228399 231996
273398 119944 90212
273398 119944 90212
273398 119944 219639 203165 163038 132347 129326 126997 120896
273398 119944 90212
273398 631809 852888 912055 966149 940404
Deletion failed.
Deletion failed.
273398 631809 852888 912055 904018 905751 908520
273398 119944 90212 8216
273398 604753 852888 777364 818916 788837 783631
273398 604753 852888 912055 966149
273398 604753 370163 544207 487783 422328 457716 451503
Deletion failed.
273398 119944 90212 90859
273398 119944 90212 90859
273398 119944 219639 203165 163038 132347 147732
273398 119944 90212 8216
273398 604753 370163 341089 282619
273398 604753 854194 777364 734132 741933 750073
273398 119944 90212 8216
273398 119944 219639 203165
273398 119944 219639 251761 261902 271361
273398 119944 219639 203165 163038 132347 129326 126997 120896
273398 604753 370163 544207 564350 586442 590078
273398 604753 854194 777364 818916 788837 801055
273398 604753 854194 912055 904018 908520
Deletion failed.
282619 604753 854194 777364 818916 788837 801055
282619 604753 370163 341089 353914
Deletion failed.
Deletion failed.
282619 119944 219639 147732 129326 144830
282619 119944 90212 43725 34190
282619 604753 854194 912055 904018 866557 859226
282619 604753 370163 544207 564350 586442 590078
282619 119944 90212 90859
282619 119944 90859
Deletion failed.
282619 119944 90859
282619 604753 370163 544207 564350 586442
282619 604753 370163 544207 564350 586442
282619 90859 219639 251761 228399 231996 235975
282619 604753 854194 753683 741933 684294 635591 637675 675953
Deletion failed.
Deletion failed.
282619 604753 854194 912055 940404
282619 90859 43725 820
Deletion failed.
Deletion failed.
282619 604753 370163 544207 487783 422328 391568
282619 604753 854194 912055 940404
Deletion failed.
282619 90859 43725 72699 56842
282619 604753 370163 341089 353914 367423
282619 90859 43725 820
282619 604753 854194 750073 818916
Deletion failed.
282619 604753 854194 750073 741933
Deletion failed.
282619 90859 219639 147732 164576 187346 168837 166488
Deletion failed.
282619 90859 43725 56842
282619 604753 854194 912055 904018 908520
282619 90859 219639 147732 126997 126168
282619 90859 219639 251761 228399 231996 235975
282619 604753 854194 912055 940404 967600 945550
282619 604753 370163 525173 564350
Deletion failed.
282619 90859 43725 820 5979
Deletion failed.
282619 604753 854194 912055 904018 908520
282619 604753 370163 341089 353914
282619 604753 370163 341089 302073 339467
282619 604753 854194 750073 818916 801055 810615 812949
282619 90859 43725 820
Deletion failed.
282619 90859 219639 147732 126997 144830 132501
Deletion failed.
Deletion failed.
282619 90859 219639 147732 164576 187346 166488
282619 90859 43725 820
282619 90859 43725 820
282619 90859 43725 820
Deletion failed.
Deletion failed.
282619 613081 854194 912055 904018
282619 115381 219639 251761 235975
282619 126997 43725 56842
282619 613081 854194 912055 940404 933150
282619 613081 370163 341089 353914
282619 126997 43725 820
282619 126997 219639 147732 144830 132501
Deletion failed.
282619 613081 854194 912055 904018 872531 889327 891187
282619 126997 219639 147732 164576 154073
282619 613081 854194 750073 818916
282619 613081 370163 341089 353914
282619 613081 370163 341089 353914
Deletion failed.
282619 613081 370163 341089 353914
282619 613081 370163 341089 353914
282619 126997 219639 251761 235975
282619 613081 370163 542394 486128 422328 391568 387453
282619 613081 854194 912055 940404 933150 919447
282619 126997 43725 56842
282619 613081 854194 741933 818916
282619 613081 370163 542394 586442 553239
282619 613081 370163 353914
Deletion failed.
282619 613081 353914 302073 284967
282619 613081 353914 302073 284967
282619 126997 219639 251761 261902 271361 262458 268714
282619 126997 43725 56842 68632
282619 126997 219639 251761 261902 271361 262458 268714
282619 126997 43725 820
282619 126997 219639 147732 144830 132501 130791
282619 126997 43725 820
Deletion failed.
282619 126997 219639 147732 154073 217685 185642
282619 613081 353914 511021 486128 489423
282619 613081 854194 912055 940404 967600 988668 991275
282619 126997 43725 820
282619 613081 854194 912055 904018 906078
282619 126997 219639 251761
282619 613081 353914 511021 486128 489423 510489 495632
Deletion failed.
Deletion failed.
Deletion failed.
282619 126997 43725 56842 68632 125244
282619 126997 219639 147732 154073 185642
282619 613081 353914 302073 284967
Deletion failed.
282619 613081 854194 741933 687681 695057
282619 613081 854194 741933 687681 695057
282619 613081 854194 741933 687681 695057
Deletion failed.
282619 592277 854194 741933 687681 695057
282619 126997 219639 251761 261902 262458 268714
282619 126997 43725 820 5979
282619 126997 219639 251761 261902 262458
282619 592277 854194 912055 904018
282619 126997 219639 147732 144830
282619 592277 339467 302073 284967
282619 126997 43725 820 5979
Deletion failed.
282619 126997 43725 820 5979 40072
Deletion failed.
282619 592277 854194 741933 838558 801055 783631
282619 126997 219639 251761
Deletion failed.
282619 592277 339467 511021 586442 553239 570504
282619 126997 43725 56842 54024
282619 630251 854194 741933 838558 783631 757532 743829
282619 126997 43725 820
282619 630251 854194 912055 904018 900352 898397
282619 630251 339467 511021 495632 415147 387453 404619 400702 399162
282619 126997 219639 147732 154073
282619 630251 898397 741933 687681 687167
282619 126997 219639 251761 261902
282619 630251 339467 511021 495632 409934 387453 404619
282619 630251 898397 741933 687681 641217
282619 126997 43725 820
282619 630251 898397 912055 904018 900352
Deletion failed.
282619 630251 339467 302073 313225
282619 126997 219639 251761 250256
282619 630251 898397 741933 687681 641217
Deletion failed.
268714 126997 219639 147732 144830 132501 130791
268714 126997 43725 820 5979
268714 630251 898397 912055 904018
268714 630251 339467 511021 570504 553239 536681 520965
268714 630251 898397 741933 838558 893135
Deletion failed.
268714 126997 43725 820 5979 40072
268714 126997 43725 820 5979
268714 126997 219639 147732 154073 185642
268714 630251 339467 511021 570504 553239 536681 520965
Deletion failed.
268714 126997 219639 251761 261902
Deletion failed.
Deletion failed.
268714 126997 43725 56842 54024
Deletion failed.
268714 630251 898397 912055 940404 967600 988668 974391 980228 980286
268714 630251 898397 912055 940404 967600 988668 974391 980228 980286
268714 126997 219639 147732 154073 185642
268714 630251 339467 302073
268714 630251 339467 302073
Deletion failed.
Deletion failed.
268714 630251 898397 741933 838558 783631 833335
268714 126997 219639 251761 261902
Deletion failed.
268714 630251 898397 912055 904018
268714 630251 898397 912055 940404 967600 954032
268714 126997 219639 251761 236503 223780
268714 126997 219639 251761 261902 255610
268714 630251 339467 295252
268714 630251 339467 511021 495632 409934 387453 404090 390884
268714 126997 219639 147732 154073 188314
268714 630251 893135 912055 940404 934444
Deletion failed.
Deletion failed.
268714 630251 893135 741933 687681 636273
268714 130791 43725 56842
268714 630251 339467 295252
Deletion failed.
Deletion failed.
268714 130791 219639 251761 236503 223780 232088
Deletion failed.
255610 630251 893135 912055 940404 934444
Deletion failed.
255610 630251 893135 912055 940404
255610 630251 339467 295252
Deletion failed.
255610 630251 339467 511021 570504 591804 606300
255610 630251 893135 912055 940404 967600 954032
Deletion failed.
255610 125244 222704 251761
255610 630251 339467 536681 570504 538386
255610 125244 43725 56842 47996
255610 125244 222704 251761 223780 223059
255610 630251 893135 741933 838558 783631 833335
255610 630251 893135 741933 838558 889885 839582
255610 630251 339467 295252 307607 333222
255610 125244 222704 147732 144830 146246
255610 630251 339467 536681 570504 591804 606300
255610 630251 893135 912055 940404 954032 992939 980286 988174
255610 125244 43725 56842 47996
255610 630251 339467 295252 307607 333222
255610 125244 43725 56842 47996
255610 630251 893135 741933 838558 783631 743829 751559 745702
255610 630251 893135 741933 838558 889885 839582 863160
255610 125244 43725 5979 33786
Deletion failed.
Deletion failed.
255610 125244 222704 147732 136219 135339
295252 125244 43725 5979 33786
295252 630251 893135 912055 992939 934046
295252 630251 893135 912055 904018 904405
295252 630251 339467 536681 495632 528370
Deletion failed.
Deletion failed.
Deletion failed.
Deletion failed.
295252 125244 43725 5979 33786
Deletion failed.
Deletion failed.
295252 125244 43725 56842 47996
295252 125244 43725 56842 47996
295252 125244 43725 56842 63073 62923
295252 125244 43725 5979
Deletion failed.
295252 125244 222704 251761 232088
295252 666902 339467 307607
295252 125244 222704 147732 136219 146246
Deletion failed.
295252 125244 43725 5979
295252 666902 904405 912055
295252 666902 904405 741933 687681 668206
Deletion failed.
Deletion failed.
295252 666902 904405 741933 687681 727023 715400 708625
295252 125244 43725 47996
295252 125244 222704 251761
Deletion failed.
295252 666902 904405 741933 839582 889885
295252 666902 904405 912055
Deletion failed.
295252 125244 43725 5979 33786
Deletion failed.
295252 666902 339467 544495 570504 591804 577057 582865
Deletion failed.
Deletion failed.
Deletion failed.
295252 666902 339467 544495 489022 532339
Deletion failed.
295252 125244 43725 5979 33786
295252 125244 222704 147732 136219 135339
Deletion failed.
295252 122045 43725 47996 63073 113328 106413
295252 114180 222704 147732 136219 135339
295252 666902 339467 544495 489022 532339 528136
295252 666902 339467 544495 570504
295252 114180 43725 5979 33786
295252 666902 904405 912055
295252 666902 904405 912055
295252 666902 339467 307607 301462
301462 666902 339467 307607 304817
301462 114180 43725 47996 63073 113328
301462 114180 43725 5979
301462 114180 43725 5979
301462 666902 904405 741933 839582 903141 880123 843956
Deletion failed.
301462 666902 339467 544495 489022 424290 482840 445090 482131 464430
301462 114180 222704 147732 188314 192435 195809
301462 666902 339467 307607 304817
301462 114180 43725 5979
301462 666902 339467 544495 489022 424290 482840 445090 482131 464430
301462 666902 339467 544495 489022 424290 482840 445090 482131
301462 666902 339467 544495 570504 591804 577057 582865
Deletion failed.
301462 666902 904405 912055 934046 986157 955972
301462 666902 904405 912055
301462 114180 222704 251761
Deletion failed.
301462 114180 222704 147732 136219 146246
301462 666902 904405 741933 839582 743829
Deletion failed.
301462 666902 904405 741933 687681 668206
301462 114180 43725 47996
301462 666902 904405 741933 839582 743829 751559 788789 808274
301462 666902 339467 544495 489022 528136 524254
301462 114180 222704 251761 223059
301462 666902 339467 307607 304817
301462 114180 222704 147732 188314 192435
Deletion failed.
Deletion failed.
301462 666902 904405 741933 839582 743829 751559 751173
301462 114180 222704 251761 264014
301462 114180 222704 251761 223059
301462 114180 222704 147732 188314 175780
Deletion failed.
Deletion failed.
Deletion failed.
301462 666902 904405 912055
301462 666902 904405 912055
301462 666902 339467 307607 304817
301462 666902 339467 544495 570504 591804 577057 576509
301462 666902 339467 544495 570504 591804 594465
301462 114180 222704 147732 136219 146246
301462 114180 43725 47996 63073 69883
301462 666902 912055 741933 716576 680018
301462 114180 43725 47996 44101
Deletion failed.
301462 666902 339467 307607 336672 327084
301462 666902 339467 544495 570504
301462 666902 912055 741933 839582 743829 751173
301462 114180 43725 5979 8292 10122
301462 666902 339467 544495 489022 424290 412173
301462 114180 222704 251761 264014
301462 114180 43725 47996 44101
301462 640550 339467 307607
301462 640550 912055 741933 704617 715985
301462 640550 912055 741933 704617 715985
Deletion failed.
301462 640550 912055 741933 704617 715489
301462 640550 912055 741933 704617
301462 640550 339467 544495 489022 424290 412173
301462 640550 912055 963524
301462 114180 223059 147732 188314 192435 198752
301462 640550 339467 307607 327084
Deletion failed.
301462 640550 376671 307607
301462 114180 43725 47996 69883 103030
301462 114180 43725 47996 69883 103030
301462 640550 376671 307607
301462 634882 912055 741933 839582 903141
301462 634882 376671 307607
301462 114180 43725 8292
Deletion failed.
301462 634882 376671 307607
Deletion failed.
Deletion failed.
301462 114180 223059 251761 300996
301462 114180 223059 251761 300996
301462 614513 912055 741933 704617 715489
Deletion failed.
Deletion failed.
301462 114180 43725 62923 46824
301462 614513 376671 544495 570504
301462 614513 912055 741933 839582 751173
301462 614513 912055 741933 839582 751173 808274 837643
301462 614513 376671 307607 318288 361489 324908
301462 614513 912055 963524 937264
301462 614513 912055 963524 981973
301462 69883 43725 10122 33808
301462 69883 223059 147732 188314 156407 178665
301462 614513 912055 963524 937264 920996
Deletion failed.
301462 69883 43725 10122 1244
301462 614513 376671 307607
Deletion failed.
301462 614513 376671 307607
301462 614513 912055 741933 839582 852004 850343
301462 614513 376671 307607
301462 69883 223059 251761 235955
301462 69883 223059 251761 235955
301462 614513 912055 963524 937264 950177
301462 614513 412173 544495 464777 528136 532031
Deletion failed.
301462 69883 43725 62923 66623
301462 614513 912055 741933 839582 751173
301462 614513 412173 307607
301462 614513 912055 741933 704617 715489 733894
301462 69883 43725 1244
301462 69883 223059 147732 127369 146246
301462 69883 223059 235955 300996
301462 69883 223059 235955
Deletion failed.
301462 69883 43725 62923 66623
301462 69883 43725 62923 46824
Deletion failed.
301462 614513 912055 741933 704617 715489 713716
301462 614513 412173 544495 464777 528136
301462 614513 412173 544495 464777 424290
301462 69883 43725 1244
Deletion failed.
301462 69883 43725 1244
301462 614513 412173 544495 591804 576509 571137
301462 614513 412173 544495 591804 576509 571137
Deletion failed.
Deletion failed.
301462 614513 912055 963524 970727 977441
301462 614513 912055 963524 970727
301462 614513 912055 963524 950177 958027
301462 614513 912055 963524 950177 946414 950122
301462 614513 412173 307607 310010 324908 354754 350766
Deletion failed.
301462 69883 43725 62923
Deletion failed.
Deletion failed.
301462 69883 223059 235955
301462 614513 912055 963524 950177 946414 950122
Deletion failed.
Deletion failed.
301462 69883 43725 46824 49997
Deletion failed.
Deletion failed.
301462 614513 912055 963524 970727 977441
301462 614513 912055 963524 970727 977441
301462 69883 43725
301462 614513 415518 544495 591804 598457 596029
Deletion failed.
301462 614513 912055 741933 704617 631257 630420
301462 69883 223059 235955
301462 69883 43725 46824 49997
301462 614513 415518 307607
301462 69883 223059 146246 188314 156407 178665
Deletion failed.
Deletion failed.
301462 69883 223059 146246 188314 156407 178665
301462 69883 223059 146246 127369 142779
301462 614513 912055 741933 839582 852004 898111
301462 69883 223059 235955 292139 300579
301462 614513 912055 963524 950177 946414 945629 920292
301462 69883 223059 146246 127369 90023 89128
301462 614513 415518 307607 310010 354754 401014
301462 614513 415518 307607 310010 354754 401014
Deletion failed.
301462 73888 223059 146246 188314 156407 178665
301462 614513 912055 741933 839582 751173 803427 835785 815548
Deletion failed.
Deletion failed.
301462 614513 424290 544495 591804 576509 545117
301462 614513 424290 544495 591804 576509 545117
301462 73888 43725 46824 49997
301462 73888 43725 46824 49997
301462 73888 223059 235955
301462 614513 424290 544495 591804 598457 611014
Deletion failed.
301462 73888 43725 20550
301462 73888 223059 146246 188314 192934 200792
Deletion failed.
301462 614513 912055 741933 839582 751173 803427 835785 815548
Deletion failed.
301462 73888 43725 20550 23247
Deletion failed.
301462 73888 223059 235955 292139 257597 286688
Deletion failed.
301462 73888 223059 235955
Deletion failed.
301462 614513 424290 544495 463993 528136 533153 539794
301462 73888 223059 146246 188314 192934
301462 614513 912055 963524 950177 958027
301462 73888 223059 235955 292139 257597 236214
301462 614513 912055 741933 839582 751173 745083
301462 73888 223059 146246 188314 192934 200792
301462 73888 223059 146246 188314 192934 200792
301462 73888 223059 146246 188314 192934 200792
Deletion failed.
301462 614513 912055 741933 704617 715489 734272
301462 614513 912055 963524 970727 965679
301462 614513 912055 963524 970727 965679
300579 614513 424290 339922 315741
300579 73888 23247 20550
300579 73888 23247 46824
300579 614513 424290 339922 315741
300579 73888 23247 46824 57225
300579 73888 223059 146246 188314 178665 163568
Deletion failed.
300579 614513 912055 741933 704617 715489
300579 614513 912055 741933 839582 852004 906726
300579 614513 912055 741933 839582 770520 803427 820799 836991
300579 73888 223059 235955 231945 232221
300579 614513 912055 963524 950177 958027
300579 614513 424290 339922 315741
Deletion failed.
300579 614513 424290 544495 591804 598457 599163
300579 614513 912055 963524 946414 945629
300579 73888 46824 14435
300579 614513 912055 741933 839582 770520 803427 820799 815548 809432
300579 614513 424290 544495 591804 598457
300579 73888 223059 235955 231945 232221
300579 614513 912055 741933 839582 852004 906726
300579 614513 912055 741933 704617 715489
300579 73888 223059 146246 188314 178665
300579 73888 46824 14435
300579 614513 424290 339922 414622 419026
300579 614513 424290 339922 414622 419026
300579 73888 223059 146246 127369 142779 133386
300579 73888 223059 146246 127369 142779 133386
Deletion failed.
300579 73888 223059 146246 127369 142779 133386
300579 614513 912055 963524 970727 977441 989960 990964
Deletion failed.
300579 73888 46824 14435
300579 614513 424290 339922 414622 370704 361526 351918
300579 614513 424290 339922 315741 319961
300579 73888 46824 14435
300579 73888 223059 146246 127369 142779 133386
300579 73888 46824 14435
Deletion failed.
301079 73888 46824 14435
301079 73888 223059 235955 231945 232221
301079 614513 912055 958027 946414 945629
301079 614513 424290 339922 315741 319961
Deletion failed.
301079 73888 231945 235955 232221
301079 73888 46824 57225 53603
Deletion failed.
301079 73888 46824 57225 53603
301079 73888 46824 57225 53603
301079 73888 46824 57225 53603
301079 614513 912055 741933 839582 770520 803427 801511
301079 73888 231945 146246 188314 192934
301079 614513 424290 544495 463993 424424
301079 73888 231945 235955 292139
Deletion failed.
301079 73888 231945 235955 292139
301079 73888 231945 235955 292139
301079 614513 912055 741933 839582 852004 906726 853023 890809 854338
301079 73888 231945 235955 292139 236214 262489 266717
301079 614513 912055 741933 704617 650635 633612 634059
301079 73888 46824 57225
Deletion failed.
301079 614513 424290 339922 414622 419026
301079 73888 231945 146246 188314 178665 163568
301079 614513 912055 741933 704617 715489 734272
Deletion failed.
301079 619633 912055 741933 704617 715489 734272
Deletion failed.
Deletion failed.
301079 619633 912055 946414 945629 920292 945128
Deletion failed.
301079 619633 912055 946414 945629 946360
Deletion failed.
Deletion failed.
301079 73888 231945 235955 232221
301079 619633 424290 544495 463993 528136 504959 521490 522757
301079 619633 424290 544495 463993 528136 504959 521490 522757
Deletion failed.
301079 619633 424290 544495 463993 528136 504959 521490 522757
Deletion failed.
301079 619633 424290 544495 463993 528136 504959 521490 515339
301079 619633 424290 544495 463993 528136 531318
Deletion failed.
Deletion failed.
301079 619633 424290 339922 315741
301079 73888 46824 57225 53603
301079 73888 46824 57225 53603
301079 73888 231945 146246 188314 205147
301079 619633 424290 544495 598457 599163 602483
301079 73888 231945 235955 232221
301079 73888 46824 14435
301079 619633 912055 946414 965679 977441 989960
301079 73888 46824 14435
301079 619633 424290 544495 463993 528136 531318
301079 619633 912055 946414 965679 951700 962404
Deletion failed.
301079 619633 912055 745083 704617 650635 659205 684179 678776
301079 619633 424290 339922 408031 419026
Deletion failed.
Deletion failed.
Deletion failed.
301079 73888 231945 146246 178665 205147
301079 619633 424290 339922 408031 406671 351918 397210 379753
301079 619633 424290 544495 463993 424424 429541 461159
301079 73888 231945 146246 127925 81697
301079 73888 231945 235955 236214 266717 243684 258597
301079 73888 231945 146246 127925 142779
301079 619633 912055 946414 965679 951700
301079 619633 424290 544495 598457 599163 602483
301079 73888 231945 235955 232221
301079 73888 231945 146246 178665 205147
301079 73888 57225 14435
301079 619633 912055 705377 704617
301079 619633 424290 544495 598457 545183 563305
301079 73888 231945 235955
301079 73888 57225
301079 619633 912055 946414 921437 946360
301079 73888 57225
Deletion failed.
301079 619633 912055 705377 704617 659205 633612 623136
301079 619633 912055 946414 965679 977441 989960 983977
301079 73888 231945 146246 127925 142779
301079 73888 231945 146246 178665 167240 151578
301079 619633 424290 339922 406671 351918 349609
301079 619633 424290 339922 315741 306075
301079 619633 912055 946414 965679 977441 976024
301079 73888 231945 146246 178665 205147 183311 187842
301079 73888 231945 235955 236214 282174
301079 619633 424290 545183 598457 599163
Deletion failed.
Deletion failed.
Deletion failed.
Deletion failed.
301079 73888 231945 146246 127925 142779 133386 137347
301079 619633 912055 946414 921437 946360
301079 619633 912055 705377 839582 763596 758910
301079 619633 912055 946414 965679 951700
Deletion failed.
Deletion failed.
301079 73888 231945 146246 178665 205147 183311 187842
301079 73888 57225
301079 619633 424290 545183 599163 583049
301079 619633 424290 545183 599163 583049
Deletion failed.
Deletion failed.
301079 619633 424290 545183 463993 528136 504959 482884
301079 73888 231945 142779 127925 81697 114291
301079 73888 57225 14435 44020
301079 619633 912055 705377 704617
301079 619633 912055 946414 921437 919567
301079 619633 912055 705377 704617
301079 73888 231945 142779 127925 81697 114291
301079 619633 424290 545183 463993 528136 504959 482884
301079 619633 424290 339922 406671 351918 381056 372127
301079 73888 57225 61591
301079 619633 912055 946414 965679 951700
301079 73888 231945 142779 178665 205147
301079 73888 57225 61591
301079 619633 424290 545183 463993 528136 531318
Deletion failed.
301079 73888 57225 61591
Deletion failed.
301079 73888 235955 142779 167240 151945
301079 619633 912055 705377 839582 906726
301079 619633 912055 705377 839582 763596 809432 771048 785815
Deletion failed.
Deletion failed.
301079 73888 235955 142779 127925 81697 114291
Deletion failed.
Deletion failed.
Deletion failed.
301079 619633 424290 339922 406671 351918 381056 372127
301079 73888 57225 14435 37731 37159
301079 619633 912055 704617 659205 684179 687920 699331
Deletion failed.
301079 73888 57225 14435
301079 73888 235955 282174
301079 73888 235955 282174 266254
301079 619633 424290 315741
301079 619633 912055 704617 659205 684179 687920
301079 619633 424290 545183 463993 424424 461159 426538 438156 458760
Deletion failed.
301079 619633 424290 545183 463993 424424 461159 426538 438156 458760
301079 619633 424290 545183 463993 424424
301079 73888 57225 14435 37731 37159
Deletion failed.
301079 73888 235955 282174 291747
301079 73888 235955 282174 291747
301079 73888 57225 61591
301079 619633 912055 704617 665749 684179 687920
301079 73888 235955 142779 167240 205147 207566
301079 73888 235955 142779 167240 159519
301079 73888 235955 142779 127925 137347
301079 619633 912055 704617 665749 636527 658872
Deletion failed.
301079 73888 57225 14435
Deletion failed.
301079 619633 912055 946414 921437 919567
301079 619633 912055 946414 921437 919567
Deletion failed.
301079 619633 912055 709172 839582 854338
Deletion failed.
301079 619633 422124 545183 463993 424424 461159 462977
Deletion failed.
301079 619633 422124 545183 599163 583049 587495
301079 619633 422124 545183 599163 583049 587495
301079 619633 422124 349609 419026 421897 420311
301079 619633 422124 349609 419026 409607
Deletion failed.
301079 619633 912055 946414 935004 946360
Deletion failed.
Deletion failed.
301079 619633 912055 946414 965679 951700 961895 965196
Deletion failed.
301079 81697 235955 282174 291747 296742
301079 619633 422124 554270 463993 515463 531318 530131
301079 81697 235955 282174 291747 296742
301079 619633 912055 709172 665749 648145 623136
Deletion failed.
Deletion failed.
301079 81697 57225 14435 12372
301079 81697 235955 291747 266254 266817
Deletion failed.
301079 619633 422124 554270 599163 563928
301079 81697 235955 142779 167240 154500
301079 81697 235955 142779 127925 137347
301079 81697 57225 14435 37731
301079 619633 422124 349609 305187 317405 339042
301079 81697 57225 61591 69830
301079 619633 422124 349609 317405 339042
301079 81697 235955 142779 127925 104178
301079 81697 235955 142779 127925 137347
301079 619633 422124 349609 419026 421897 420311
Deletion failed.
301079 81697 57225 14435 12372
Deletion failed.
Deletion failed.
301079 619633 422124 349609 419026 409607
301079 619633 912055 946414 935004 915180
Deletion failed.
Deletion failed.
Deletion failed.
301079 619633 912055 709172 665749 648145 623136 619909
301079 619633 422124 554270 463993 424424
301079 81697 235955 142779 167240 154500
Deletion failed.
301079 81697 57225 61591 69830
301079 619449 912055 709172 665749 648145 623136 619909
Deletion failed.
301079 619449 912055 709172 665749 678776
Deletion failed.
301079 81697 235955 142779 167240 183311 168155
Deletion failed.
301079 81697 235955 266817 266589 240339
301079 81697 235955 142779 127925
301079 619449 422124 349609 317405
301079 619449 912055 946414 968030 983977 976024 977108
301079 619449 422124 349609 317405 324310
301079 619449 912055 946414 968030 983977 976024 977108
301079 81697 235955 266817 266589 240339
301079 619449 422124 349609 317405 324310
301079 81697 235955 127614 167240 154500
301079 81697 235955 266817 266589
301079 81697 57225 61591 74682
301079 619449 912055 946414 946360 915180
301079 619449 912055 709172 665749 653870
301079 619449 422124 554270 463993 424424
Deletion failed.
301079 81697 235955 266817 296989
301079 81697 235955 127614 104178 95368
301079 619449 422124 349609 317405 324310
296989 619449 422124 349609 419026 420311
296989 81697 57225 12372 37731 19425
296989 81697 57225 12372 37731 19425
296989 619449 912055 946414 946360
296989 619449 422124 349609 419026 420311
296989 619449 422124 349609 419026 420311
296989 619449 422124 350256 419026 420311
296989 81697 235955 127614 104178
296989 619449 422124 350256 317405
296989 619449 422124 554270 599163 563928
Deletion failed.
296989 81697 235955 266817 285455
Deletion failed.
296989 81697 61445 61591 74682 61924 72160
296989 81697 61445 12372 8296
296989 619449 915180 709172 845727 770081 739677 756556 753875
296989 619449 915180 709172 845727 871128 861354
296989 81697 228073 266817 266589
296989 619449 422124 554270 463993 515463 504959 514358
296989 81697 228073 127614 104178
Deletion failed.
Deletion failed.
317405 81697 228073 127614 167240 183311 168155
Deletion failed.
317405 619449 422124 350256 322349
285455 81697 42923 61591
285455 619449 946414 709172 665749 653870 643578
285455 619449 422124 350256 409607 420311
285455 81697 228073 104178
285455 619449 951700 709172 845727 756556 753875
285455 619449 951700 709172 845727 756556 753875
285455 619449 422124 554270 463993 426070 425720
Deletion failed.
285455 81697 42923 12372 25949 19425
285455 81697 42923 61591 74682 78449
285455 81697 42923 61591 74682 78449
285455 81697 228073 266817
285455 602483 951700 983977 975396 963099
285455 81697 228073 167240 154500 89143 96915
285455 602483 422124 350256 322349
Deletion failed.
Deletion failed.
Deletion failed.
Deletion failed.
285455 602483 951700 709172 687920 653870 643578 646441
285455 81697 228073 167240 183311 195723
Deletion failed.
285455 602483 422124 554270 463993 426070 425720
Deletion failed.
285455 78449 42923 8296
285455 602483 951700 983977 975396 963099
Deletion failed.
Deletion failed.
285455 78449 42923 61591
Deletion failed.
285455 78449 42923 8296 19425 41614
285455 602483 951700 983977 999161
285455 78449 228073 266817
290804 602483 422124 554270 463993 426070 441554 429150 440200
290804 602483 951700 709172 687920 687944
Deletion failed.
290804 602483 951700 709172 845727 883869 869958
290804 78449 41614 8296 19425 18260
290804 78449 41614 8296 19425 18260
Deletion failed.
290804 602483 951700 983977 999161
290804 602483 951700 983977 999161
290804 78449 41614 8296 19425 18260
290804 602483 422124 350256 322349 336752 330298
290804 602483 422124 350256 409607 381899 391085
290804 78449 41614 74682 61924 74333
290804 602483 422124 554270 599163
290804 602483 951700 693327 845727 756556 809432 804149
290804 78449 228073 266817
290804 602483 422124 554270 463993 515463 504959
290804 602483 422124 554270 463993 515463 531318 533112
Deletion failed.
290804 602483 422124 350256 409607 411187
290804 78449 228073 266817
290804 602483 422124 350256 322349 317109
290804 78449 228073 167240 120911 89143
Deletion failed.
290804 602483 951700 693327 687920 687944
290804 602483 951700 693327 687920 653870 635657 646441 645590
290804 78449 228073 167240 183311
290804 78449 41614 8296 19425
290804 78449 19425 61924
290804 78449 228073 266817 270325
290804 602483 422124 350256 322349 336752
290804 78449 19425 8296 18260
290804 602483 422124 350256 409607 411187
290804 602483 951700 983977 999161
290804 78449 19425 8296 18260
290804 78449 19425 8296 18260
290804 602483 422124 555916 463993 515463 531318 521238
Deletion failed.
Deletion failed.
290804 78449 19425 61924 20276
Deletion failed.
290804 617057 951700 756556 687920 653870 635657 646441
Deletion failed.
290804 617057 951700 983977 963099
290804 617057 951700 983977 963099
290804 78449 19425 8296 5442
290804 617057 426070 336752 322349 330298 333694
290804 80353 228073 266817
290804 80353 19425 8296 5442
290804 617057 951700 756556 687920 653870 635657 646441 650119
290804 617057 426070 336752 322349 317109 291138
290804 80353 228073 148675 120911 131013
290804 617057 426070 555916 463993 429150 440200
Deletion failed.
290804 80353 19425
290804 617057 951700 983977 999161
290804 617057 426070 555916 463993 429150 440200
290804 80353 228073 148675 183311 195723 225008
Deletion failed.
Deletion failed.
290804 80353 19425 58590 20276
290804 80353 19425 58590 74333 65829
290804 80353 19425
290804 617057 951700 756556 845727 810552 766877
Deletion failed.
290804 80353 225008 266817 231228
Deletion failed.
Deletion failed.
Deletion failed.
290804 617057 951700 983977 999161
Deletion failed.
290804 617057 426070 336752 322349 317109 291138
290804 617057 426070 555916 599163 563928 585411
290804 617057 426070 555916 463993 515463 504275 506285
Deletion failed.
290804 617057 426070 555916 463993 515463 504275 506285
Deletion failed.
290804 80353 19425 65829 74333
290804 617057 951700 983977 958755
Deletion failed.
290804 80353 19425 3878
290804 80353 19425 3878
Deletion failed.
290804 617057 426070 336752 410482 373137 360555
290804 80353 225008 183311 120911 89143 81097
Deletion failed.
290804 80353 225008 183311 192653
Deletion failed.
290804 81097 225008 183311 192653
290804 81097 225008 183311 192653 219416 212613
290804 617057 951700 756556 687920 687944 740647
290804 617057 426070 555916 599163 563928 585411
290804 81097 20276 3878
290804 81097 20276 65829
290804 617057 426070 555916 599163
Deletion failed.
290804 81097 20276 65829 74333
290804 81097 225008 266817
290804 617057 951700 756556 845727 799749 823723 833867
290804 617057 426070 555916 429150 427923
290804 81097 20276 3878
290804 81097 20276 3878
290804 617057 951700 756556 845727 799749 823723 811830 800701
290804 617057 951700 756556 845727 799749 823723 811830 800701
Deletion failed.
Deletion failed.
Deletion failed.
Deletion failed.
290804 81097 231228 183311 120911 143753 138200
290804 81097 20276 65829 74333
290804 617057 426070 550209 599163
290804 617057 426070 550209 599163
290804 81097 20276 12145
290804 617057 426070 550209 599163 585411 585247
290804 617057 951700 756556 687920 687944 740647 730655
Deletion failed.
290804 81097 231228 183311 120911 143753 138200
290804 617057 426070 550209 599163 585411
290804 617057 426070 336752 410482 373137 360555 343519 344667
Deletion failed.
Deletion failed.
Deletion failed.
290804 85845 231228 255671
290804 617057 946872 756556 687920 687944 740647 730655
290804 617057 946872 983977 958755 980495
Deletion failed.
290804 617057 946872 983977 958755
290804 85845 231228 255671 248290
290804 85845 231228 255671 248290
290804 617057 426070 550209 429150 427923
290804 85845 20276 51255
Deletion failed.
290804 85845 20276
290804 617057 946872 756556 845727 869958 907527 913787 909541
290804 617057 426070 336752 410482 373137 360555 343519 344667
290804 85845 51255 41985
290804 85845 51255 41985
290804 85845 231228 183311 120911 143753 160401 171124
290804 617057 426070 336752 410482 412595
290804 617057 946872 983977 999161 997911
290804 85845 231228 255671
290804 617057 946872 983977 999161 997911
290804 85845 51255 73873
290804 85845 231228 183311 120911 143753 160401 171124
290804 617057 946872 756556 845727 800701 815105 819605
290804 617057 946872 983977 958755
290804 85845 51255 41985
290804 85845 231228 183311 192653
290804 85845 231228 183311 192653
290804 617057 426070 336752 410482 412595
290804 617057 426070 336752 322349 330298 336225
Deletion failed.
290804 617057 946872 983977 958755
290804 85845 231228 171124 192653 181793
290804 85845 51255
290804 85845 51255
Deletion failed.
290804 617057 946872 730655 845727 869958 907527 936686 909541
290804 617057 946872 730655 845727 800701 819605 804793
Deletion failed.
290804 617057 426070 550209 599163 602030
290804 85845 231228 171124 120911 89143
Deletion failed.
290804 85845 231228 171124 120911 89143
290804 617057 946872 730655 687920 650119 664172 685404
290804 85845 231228 171124 120911 143753
290804 617057 426070 336752 322349 317109 314280 312970
290804 617057 426070 336752 322349 317109 314280 312970
290804 85845 51255 73873 84993
290804 85845 51255 7593 47293
290804 617057 946872 730655 837396 800701 819605 804793
Deletion failed.
290804 617057 946872 730655 837396 800701 778155 761906
290804 85845 231228 248290
290804 85845 51255 7593 47293
290804 85845 51255 7593
290804 617057 426070 550209 429150 506285 533112 523818
290804 617057 426070 550209 429150 506285 504275
Deletion failed.
290804 85845 231228 171124 181793
290804 85845 231228 285548
290804 617057 946872 983977 970373
290804 85845 51255 73873
Deletion failed.
290804 617057 426070 336752 410482 373137 385448
290804 617057 426070 336752 410482 373137 385448
290804 85845 231228 171124 120911 143753 121845
Deletion failed.
290804 85845 51255 73873
Deletion failed.
290804 617057 946872 730655 837396 800701 819605 804793
290804 85845 51255 73873 84993
290804 617057 412601 336752 322349 312970
290804 85845 231228 252932 231637
290804 85845 231228 252932 231637 248940
290804 85845 231228 252932 231637
290804 617057 946872 983977 997911
284259 85845 51255 7593 3694
Deletion failed.
274394 631013 945740 730655 687920 687944 698131
274394 110138 231228 252932 248940
274394 110138 231228 252932 262099
Deletion failed.
Deletion failed.
274394 110138 231228 171124 181793 178406
274394 84993 51255 73873
274394 631013 945740 983977 970373
274394 84993 231228 252932 262099
274394 84993 51255 73873 55332
274394 631013 412601 550209 429150 506285 504275
274394 631013 412601 336752 322349 330298
274394 631013 945740 730655 837396 869958 867910 860543 846449
274394 631013 945740 983977 970373 957977
274394 631013 945740 983977 970373
274394 84993 51255 7593 47293 43554
Deletion failed.
274394 631013 412601 550209 429150 419044
274394 84993 51255 7593 47293 49339
274394 84993 231228 252932 232027
Deletion failed.
274394 631013 412601 550209 429150 419044
274394 631013 945740 983977 997911
274394 84993 51255 73873 55332
Deletion failed.
274394 631013 412601 336752 373137 360555 344667 338053
Deletion failed.
274394 84993 49339 47293
274394 631013 412601 336752 322349 330298
274394 631013 412601 336752 322349 330298
274394 84993 49339 47293
274394 631013 945740 983977 997911
274394 84993 256629 173702 121845 120366
274394 84993 49339 73873 55332
Deletion failed.
274394 631013 945740 983977 997911
274394 631013 945740 744446 839767 869958 907527 886478 895322
274394 631013 412601 550209 572754 602030
262099 84993 49339 47293
262099 84993 256629 173702 121845 143753 143651
262099 84993 49339 43554 46758
262099 631013 952087 983977 957977
262099 84993 256629 181793 121845 143753 143651 128771
Deletion failed.
262099 631013 412601 550209 572754 565382
262099 631013 952087 983977 957977 952286
262099 84993 49339 73873 76204
262099 631013 412601 336752 373137 360555 344667 338053
262099 84993 49339 73873 55332
262099 631013 952087 744446 839767 867910 860543 846449 843424
Deletion failed.
262099 631013 952087 983977 997911 991121
262099 631013 952087 744446 839767 798782 819605
262099 84993 49339 43554 23740 31711
Deletion failed.
262099 631013 412601 550209 460395 506285 465268 465195
Deletion failed.
262099 631013 412601 336752 322349 272062
262099 84993 49339 43554 46758
262099 631013 412601 336752 322349 272062
262099 84993 256629
262099 84993 49339 73873 55332
262099 84993 49339 73873 55332
262099 84993 256629
262099 84993 256629 181793 242700
262099 631013 412601 550209 460395 419044
262099 84993 256629 181793 121845
262099 631013 952286 983977 957977
Deletion failed.
262099 84993 256629
262099 631013 412601 550209 565382 622409
262099 84993 49339 43554 46758
262099 84993 49339 43554 46758
262099 84993 49339 43554 46758
262099 84993 49339 73873 76204
262099 84993 256629 181793 121845 143651 128545
262099 84993 49339 73873 55332
262099 631013 412601 336752 317585 272062 298947
262099 631013 934151 983977 991121 992848
262099 84993 49339 43554 46758
262099 84993 256629
262099 84993 49339 43554 23740 9545
Deletion failed.
Deletion failed.
Deletion failed.
262099 631013 934151 744446 839767 798782 819605 804793 814809
262099 112859 49339 43554 9545
262099 112859 49339 43554 9545
262099 631013 412601 336752 317585 330298
262099 631013 412601 336752 373137 380193 393059
262099 112859 49339 73873 105381
262099 631013 934151 983977 957977
262099 112859 49339 73873 105381
262099 112859 256629
262099 121845 49339 73873 105381
262099 121845 256629
Deletion failed.
262099 631013 934151 744446 839767 867910 909541 886478
262099 631013 412601 550209 419044 506285 465268 465195 464950 443982
262099 121845 256629 181793 143651
262099 631013 934151 744446 681034 691092 734505
262099 631013 934151 744446 681034 691092 734505
262099 121845 49339 43554 46758
262099 121845 256629 181793 143651
262099 631013 412601 336752 373137 380193 393059 387948 381380
262099 631013 412601 336752 373137 380193 393059
Deletion failed.
262099 631013 934151 983977 991279 996229
262099 121845 256629
262099 121845 49339 73873 55332
262099 121845 49339 43554 9545
262099 631013 934151 744446 681034 650119 648954
262099 121845 256629 185764 143651 126267 137698
Deletion failed.
262099 631013 412601 550209 592972 598256
262099 121845 49339 43554 46758
262099 121845 49339 43554 9545
Deletion failed.
262099 121845 256629 185764 242700 211901 192729 209420
262099 631013 934151 983977 957977 962005
Deletion failed.
262099 121845 49339 9545
262099 631013 934151 983977 957977 937760
262099 121845 49339 73873
262099 121845 185764 242700 243934
Deletion failed.
Deletion failed.
262099 121845 185764 242700 243934
262099 631013 934151 744446 843424 867910 921769 886478 916856
262099 121845 49339 73873 55332
Deletion failed.
262099 121845 49339 73873 55332
262099 121845 185764 143651
262099 121845 49339
262099 635854 934151 744446 681034 650119 651297 663846
Deletion failed.
262099 635854 934151 983977 996229
262099 121845 185764 143651
Deletion failed.
Deletion failed.
Deletion failed.
262099 635854 412601 336752 317585 298947 266943
Deletion failed.
262099 635854 412601 336752 317585 298947 266943
Deletion failed.
262099 635854 412601 336752 373137 380193 381380
262099 635854 412601 336752 373137 380193 381380
262099 635854 412601 336752 317585 298947 266943
262099 121845 49339 19432
262099 635854 412601 551461 419044 506285 465268 472891 502950
Deletion failed.
Deletion failed.
262099 635854 934151 983977 996229
262099 121845 185764 143651 126267
262099 121845 49339 19432
Deletion failed.
262099 121845 49339 55332 53309
Deletion failed.
Deletion failed.
262099 635854 934151 744446 663846 691092 739432
262099 635854 412601 551461 419044 506285 519554 541206
262099 635854 412601 336752 317585 298947 305852
262099 86716 185764 242700 243934
262099 635854 934151 744446 843424 809429 819605 824784 834870
Deletion failed.
Deletion failed.
262099 86716 185764 143651 126267 137698
262099 635854 412601 336752 373137 360555
262099 86716 49339 55332
262099 86716 49339 55332
262099 86716 49339 19432 26348
262099 86716 185764 143651 174808
Deletion failed.
262099 86716 185764 143651 174808
262099 635854 412601 551461 419044
262099 86716 185764 242700 212892 192729
262099 635854 412601 336752 317585 327779
262099 635854 934151 744446 843424 867910 860543
262099 86716 49339 55332 53309
262099 86716 49339 55332 53309
262099 635854 412601 336752 317585 327779
262099 86716 185764 143651 126267 125530
Deletion failed.
262099 635854 934151 983977 937760
262099 86716 185764 242700
262099 635854 412601 551461 419044
262099 635854 412601 551461 592972 598256 620976 626562
Deletion failed.
Deletion failed.
262099 635854 934151 983977 996229 993098
Deletion failed.
262099 86716 185764 242700
262099 86716 185764 143651 174808
262099 635854 412601 336752 317585 327779
262099 635854 934151 744446 663846 650119
262099 86716 49325 19432 4156
262099 86716 185764 242700
262099 86716 185764 242700
262099 635854 934151 983977 937760 938571 955838 963244 956142
Deletion failed.
262099 86716 185764 143651 174808
262099 87361 185764 242700 212892 217975
Deletion failed.
262099 635854 412601 336752 373137 380193
262099 87361 49325 53309 75388 54715
Deletion failed.
262099 87361 49325 53309 75388
262099 635854 412601 551461 419044 506285 450611
Deletion failed.
262099 87361 32889 19432 26162 25873
262099 635854 934151 983977 996229 993098
262099 635854 412601 551461 592972 588579
Deletion failed.
Deletion failed.
Deletion failed.
262099 87361 53309 75388 54715
262099 87361 53309 19432 26162 27311
262099 635854 934151 744446 848977 859368
262099 87361 53309 75388 54715
262099 87361 185764 242700 212892 192729
262099 87361 185764 242700 212892 192729
262099 635854 412601 336752 373137 360555 369585
Deletion failed.
262099 635854 412601 551461 592972 588579
262099 87361 185764 143651 174808 148362 171761
262099 635854 934151 744446 663846 691092 729925 718991
Deletion failed.
262099 87361 53309 75388 54715
262099 87361 53309 19432 4156
262099 87361 185764 143651 126267 137698
262099 635854 934151 983977 996229
262099 87361 185764 242700
262099 87361 185764 242700
262099 635854 934151 983977 996229
262099 635854 934151 744446 663846 691092 729925 741536
262099 87361 53309 19432 4156
262099 87361 53309 75388
Deletion failed.
Deletion failed.
262099 635854 412601 551461 592972 588579
262099 87361 185764 143651 174808 148362 147056
Deletion failed.
262099 87361 185764 242700 212892 192729
262099 635854 412601 551461 592972 620976 608562 619717
Deletion failed.
Deletion failed.
Deletion failed.
262099 635854 412601 551461 592972 620976 608562 619717
262099 635854 934151 977758 996229 993098 994675
262099 635854 412601 336752 317585 299619
Deletion failed.
262099 635854 412601 336752 317585 327779 327038
262099 635854 934151 744446 824784 809429 801574
262099 75388 53309 19432 26162 27311
262099 75388 53309 19432 26162 27311
262099 635854 934151 744446 824784 859368 916856 926451
262099 75388 185764 143651 126267 137698
262099 75388 185764 143651 126267 137698
262099 75388 185764 242700 212892 217975
Deletion failed.
262099 635854 412601 551461 592972 620976 619717
Deletion failed.
262099 635854 934151 744446 663846 691092 669387
262099 75388 53309 54715
262099 75388 53309 19432 4156
262099 635854 934151 977758 937760
Deletion failed.
262099 635854 412601 336752 372853 360555
262099 75388 192729 212892 217975
262099 635854 412601 336752 372853 380193
262099 635854 412601 551461 592972 620976 619717
262099 635854 412601 551461 419044 511257 472891 502950 489709
Deletion failed.
262099 75388 53309 54715
262099 75388 53309 19432 27311
262099 75388 53309 54715
262099 635854 934151 744446 809429 801574 751620 748641
262099 75388 53309 19432 4156
Deletion failed.
262099 75388 192729 143651 171761 159141 161746
262099 635854 412601 336752 372853 380193
262099 635854 412601 336752 317585 327038
262099 635854 412601 336752 317585 327038
Deletion failed.
Deletion failed.
Deletion failed.
262099 75388 53309 19432 4156 19008
Deletion failed.
Deletion failed.
262099 75388 53309 54715
262099 75388 53309 19432 4156
Deletion failed.
262099 635854 934151 744446 809429 751620 748641
262099 635854 412601 551461 588579 620976 619717
262099 75388 192729 212892 217975
Deletion failed.
262099 75388 192729 143651 159141 161746
262099 75388 53309 27311 28140
262099 635854 934151 977758 937760 955838 955371
262099 75388 53309 54715
262099 635854 412601 588579 620976 625275
262099 635854 934151 977758 996229 994675
262099 75388 192729 212892 197764
262099 635854 934151 744446 859368 751620 748641
Deletion failed.
Deletion failed.
262099 635854 412601 588579 620976 625275
262099 635854 412601 588579 419044
262099 75388 53309 54715
262099 635854 934151 748641 648954 646919
262099 75388 53309 54715
262099 75388 53309 28140
262099 75388 53309 54715
Deletion failed.
Deletion failed.
262099 635854 412601 336752 339402
262099 75388 192729 212892 224425
262099 75388 192729 118992 161746 174342
Deletion failed.
262099 635854 419044 336752 317585 299619 283803
262099 635854 934151 977758 937760 955838 963244
262099 75388 54715 4156 19008
Deletion failed.
Deletion failed.
262099 75388 54715 65571
Deletion failed.
262099 635854 419044 530811 472891 441009
262099 75388 192729 212892 224425
Deletion failed.
262099 75388 192729 212892 224425
Deletion failed.
262099 635854 419044 336752 317585 283803 287847
262099 635854 934151 748641 859368 926451 904079
262099 635854 934151 748641 859368 904079
Deletion failed.
262099 635854 419044 336752 317585 283803 287847
262099 75388 38381 65571
262099 75388 38381 65571
262099 75388 197764 212892 202972 210900
262099 635854 419044 530811 620976 619717
Deletion failed.
Deletion failed.
262099 635854 419044 530811 620976 625275
262099 635854 934151 963244 937760 955371
Deletion failed.
Deletion failed.
262099 75388 197764 118992 161746 147984
262099 635854 419044 530811 620976 566183 609142
262099 75388 4156 19008
262099 635854 419044 336752 358653
Deletion failed.
262099 75388 4156 2317
262099 75388 197764 118992 161746
262099 75388 197764 118992 161746
Deletion failed.
Deletion failed.
262099 635854 934151 748641 647077 691092 656120
262099 635854 934151 748641 647077 691092 656120
Deletion failed.
262099 75388 197764 212892 202972
262099 75388 2317 19008 30983
262099 75388 2317
262099 635854 928988 963244 937760
262099 635854 419044 530811 448761 441009
262099 635854 419044 530811 448761 441009
Deletion failed.
262099 75388 161746 118992 81018
Deletion failed.
262099 75388 147984 118992 81018
Deletion failed.
262099 635854 419044 530811 448761 441009
Deletion failed.
224425 635854 928988 938255 998733 994675 994868
224425 635854 419044 336752 317585
Deletion failed.
224425 75388 2317
224425 635854 928988 937760
Deletion failed.
224425 635854 419044 336752 317585 332438
Deletion failed.
Deletion failed.
224425 635854 928988 937760
Deletion failed.
Deletion failed.
224425 75388 2317 30983
224425 75388 147984 118992 138961 131722
Deletion failed.
Deletion failed.
224425 635854 928988 937760 998733 979334 994002
224425 75388 30983
224425 75388 30983
Deletion failed.
224425 75388 147984
224425 635854 928988 937760
224425 75388 30983
224425 75388 147984
224425 75388 147984
224425 75388 30983 70162
224425 635854 419044 336752 317585 332438
224425 75388 30983 70162
224425 75388 147984 118992 81018
224425 75388 147984 118992 81018
224425 75388 147984 118992 138961
224425 635854 928988 755873 871327 898189
224425 75388 30983
224425 75388 147984 118992 81018
224425 75388 147984
224425 635854 419044 336752 317585 332438
224425 75388 147984
224425 75388 70162
224425 630765 419044 336752
224425 630765 928988 937760 998733
224425 75388 147984 118992 81018
224425 75388 70162 1042
224425 630765 937760 998733
Deletion failed.
224425 75388 70162 1042
224425 75388 70162 1042
Deletion failed.
224425 75388 147984 183084
Deletion failed.
224425 630765 937760 761011 842767 909767
224425 630765 937760 761011 842767 909767
224425 75388 1042
Deletion failed.
Deletion failed.
Deletion failed.
224425 75388 147984 118992 81018
Deletion failed.
224425 630765 937760 994002 967259 962246
224425 630765 937760 761011 842767
224425 75388 1042
224425 75388 1042
Deletion failed.
Deletion failed.
224425 75388 1042
Deletion failed.
Deletion failed.
Deletion failed.
224425 75388 1042
234972 600849 937760
234972 600849 937760
234972 75388 81018 183084 194239
234972 75388 81018 79255
Deletion failed.
234972 600849 423493 530811 443703
Deletion failed.
234972 600849 423493 530811
234972 600849 423493 420241 400523
234972 75388 79255 194239 207518 230394
Deletion failed.
234972 600849 937760
234972 75388 1042
234972 24673 1042
234972 600849 420241 443703 530374
234972 600849 937760 807294 842767 882331 932648
Deletion failed.
234972 1042 79255 194239 207518 230394
234972 600849 420241 443703 530374
234972 1042
234972 1042
Deletion failed.
234972 600849 420241 530374
Deletion failed.
234972 1042 79255 20461
234972 1042 79255 230394
234972 644658 937760 807294 714068 712182 666589
234972 644658 420241 400523 406237
234972 1042
234972 1042
234972 666589 420241 484002
234972 666589 937760 807294 714068
234972 666589 937760 981705
234972 1042
234972 1042
234972 666589 937760 807294 714068
234972 1042 79255
234972 1042 79255 188107 129135
234972 666589 420241 297712 276325
Deletion failed.
Deletion failed.
234972 1042
234972 666589 420241 297712 276325
Deletion failed.
276325 1042
276325 666589 420241 465093
276325 666589 420241 465093
276325 1042 79255 2282
276325 666589 937760 981705 957654
276325 1042
Deletion failed.
276325 666589 937760 807294 910772 921097
276325 1042
276325 1042 79255 2282
Deletion failed.
276325 672050 420241 350746 360214
276325 1042 79255 188107 188409
276325 672050 420241 350746 360214
276325 1042
276325 1042
276325 672050 937760 807294 714068 806725 727944 802124
276325 1042 2282 188107 188409
276325 1042 2282
276325 672050 420241 465093 551890 516991 485232
Deletion failed.
276325 1042
276325 672050 420241 465093 460933
276325 672050 937760 807294 714068 706316
276325 1042 2282
Deletion failed.
350746 672050 937760 981705 993899
Deletion failed.
Deletion failed.
350746 672050 937760 981705 993899
350746 672050 937760 807294 921097 925226
188107 672050 420241 465093 460933
188107 672050 420241 465093 551890 516991
188107 1042
188107 672050 420241 364607 419781 365075
188107 1042 2282
188107 1042
188107 672050 937760 807294 921097
Deletion failed.
188107 1042
188107 672050 420241 465093 551890 516991
Deletion failed.
188107 672050 420241 465093 551890 485232
188107 672050 420241 465093 551890 485232
188107 1042
Deletion failed.
Deletion failed.
188107 672050 420241 465093 447732
188107 672050 376720 465093 551890 485232
188107 1042 129135 82576 12792
Deletion failed.
188107 672050 937760 807294 727944 802124
188107 1042
188107 672050 937760 807294 727944 692985
188107 672050 937760 807294 727944 692985
188107 1042
188107 1042 129135 142859
188107 672050 376720 465093 551890 603008
188107 672050 937760 807294 727944 692985
Deletion failed.
Deletion failed.
142859 672050 376720 476884 551890 485232
142859 672050 376720 328956 354078
142859 672050 376720 328956 354078
Deletion failed.
142859 672050 937760 955102
142859 1042 129135 95589 12792
142859 1042 129135 132206 131227
142859 672050 376720 476884 551890 478024 551236
142859 672050 376720 476884 551890 478024 551236 482434
Deletion failed.
142859 672050 937760 807294 937350 902837 915278
142859 1042 129135 95589 12792 2459 3968 9490
142859 672050 937760 955102 993899 989449
Deletion failed.
Deletion failed.
142859 626883 376720 328956 324715 194636 190464
142859 1042 129135 131227
Deletion failed.
142859 1042 129135 131227
Deletion failed.
Deletion failed.
142859 626883 937760 955102 993899 989449
142859 626883 937760 955102
142859 1042
Deletion failed.
Deletion failed.
142859 597035 937760 807294 915278
142859 1042 129135 95589 113991
142859 1042 129135
Deletion failed.
142859 597035 453914 328956
142859 1042
142859 1042 95589 113991 111145
142859 597035 937760 807294 692985 770793 786299 775171
142859 597035 453914 476884 551236 576956
142859 597035 453914 476884 551236 478024 532623 519390 498497
142859 597035 453914 476884 551236 478024 532623
142859 597035 453914 476884
142859 597035 937760 955102 993899 989449
Deletion failed.
142859 597035 453914 218782 194636 210462
142859 1042 95589 113991 111145
142859 1042 95589 113991 111145
142859 1042 95589 113991 111145
142859 597035 915278 955102 939404
142859 1042 95589 113991
Deletion failed.
142859 597035 453914 476884
142859 1042
Deletion failed.
142859 597035 915278 807294 903916 893394
142859 1042
142859 597035 453914 476884 551236 558904
142859 597035 453914 476884
142859 1042 95589 51984 37203 42754 43488
Deletion failed.
Deletion failed.
142859 597035 915278 820846 692985 651872 682440
Deletion failed.
142859 597035 915278 939404
142859 1042
142859 597035 915278 939404
142859 597035 915278 820846 692985 651872 682440
Deletion failed.
142859 597035 915278 939404 993899
142859 597035 915278 820846 692985 651872
Deletion failed.
142859 1042 95589 113991 111145 98303
142859 1042 95589 113991
142859 1042
142859 597035 453914 218782 150589 208983
142859 1042
Deletion failed.
142859 597035 915278 939404 993899 965402
Deletion failed.
Deletion failed.
142859 1042 43488 113991 111145 98303
142859 597035 453914 551236 595781
142859 1042
142859 1042
142859 1042
142859 597035 915278 803106 848755
142859 597035 453914 218782 411393 433090
142859 1042
142859 597035 453914 218782 411393 433090
142859 1042
Deletion failed.
Deletion failed.
142859 1042
142859 597035 915278 803106 692985 651872 636194
Deletion failed.
Deletion failed.
142859 1042 42754 113991 111145 112276
142859 597035 453914 551236 483333 461135
142859 42754 4606 35739
142859 597035 915278 803106 692985 651872
Deletion failed.
Deletion failed.
Deletion failed.
142859 597035 453914 551236 595781 589461
142859 42754 113991 106505 98303
142859 42754 4606 35739
142859 597035 453914 218782 150589 152054 218358
142859 597035 922000 786299 848755 892244
142859 597035 922000 786299 848755 892244
142859 597035 922000 993899 932973 976927
142859 42754 4606 35739
142859 597035 453914 551236 483333 543724 524062 528896 535379
142859 98303 113991
Deletion failed.
142859 98303 4606
142859 597035 453914 551236 589461
Deletion failed.
Deletion failed.
142859 98303 113991
142859 98303 113991
142859 98303 113991
142859 597035 453914 551236 589461
142859 98303 113991
142859 597035 453914 218782 411393
142859 597035 453914 551236 589461
Deletion failed.
142859 98303 113991
Deletion failed.
142859 597035 453914 551236 589461
142859 98303 113991
142859 597035 922000 786299 692985 640821 609559
142859 98303 113991
142859 597035 453914 218782 150589 218358
150589 98303 4606 19430
150589 98303 113991
150589 597035 922000 786299 848755 882275 896012 898424
150589 113991 4606 19430 37470
150589 113991 4606
150589 597035 922000 932973 976927 943063
150589 597035 453914 580088 483333 461135 459678
150589 597035 453914 580088 483333 461135 459678
150589 597035 453914 580088 483333 461135 459678
150589 113991 4606 19430
150589 113991 4606 19430
Deletion failed.
Deletion failed.
150589 597035 922000 932973 976927 943063 960457
150589 113991 4606 19430 37470
Deletion failed.
150589 113991
150589 597035 922000 932973
150589 4606
Deletion failed.
Deletion failed.
Deletion failed.
Deletion failed.
Deletion failed.
Deletion failed.
150589 4606
150589 4606
150589 597035 922000 932973
150589 597035 922000 786299 692985 775171 751062 711715 704682
150589 4606 19430 37470 39009
150589 597035 459678 580088 483333 524062 535379 550979
150589 597035 459678 411393 449650
Deletion failed.
Deletion failed.
Deletion failed.
150589 597035 459678 411393 449650
150589 597035 922000 786299 692985 640821 671750 646561 642596 645277
150589 4606
150589 597035 459678 580088 589461
150589 4606 19430 17371
150589 4606 19430 37470
Deletion failed.
Deletion failed.
Deletion failed.
150589 597035 459678 580088 524062 523923
150589 4606
150589 4606
150589 597035 459678 411393 329105 259284 235550 226324
150589 19430 37470 39009
Deletion failed.
Deletion failed.
Deletion failed.
150589 19430 37470 31845
150589 597035 922000 786299 692985 640821 671750 646561 642596 645277
150589 597035 922000 932973 960457
150589 19430 37470 31845
150589 597035 459678 580088 524062 523923
150589 17371 37470 31845
150589 17371
Deletion failed.
150589 17371
150589 597035 922000 932973
Deletion failed.
150589 597035 459678 411393 438623
150589 17371 37470 73291 42770
150589 17371 37470 31845
150589 17371 37470 31845
150589 597035 922000 792554 848755 827130 818077
150589 597035 459678 589461
150589 17371
150589 597035 922000 932973 960457 989954
150589 17371
Deletion failed.
150589 17371
150589 597035 932973 960457 943063 958548
150589 17371 37470 31845 35130
150589 17371 37470 73291 106897 142241 119677
Deletion failed.
194805 597035 932973 792554 679739 640821 635262
194805 17371
194805 597035 459678 589461 524062 523923
194805 597035 459678 589461 524062 523923 502587 487990
194805 597035 459678 411393 321514 369719 368890 345043
194805 17371
194805 597035 932973 960457 943063 958548
194805 597035 459678 589461 524062 523923 502587 487990
194805 597035 939307 792554 848755 827130
194805 37470 73291 42770
194805 597035 939307 960457 989954
194805 597035 939307 792554 848755 885455 863501 880249
194805 37470 31845 35130
Deletion failed.
Deletion failed.
194805 37470 31845 35130
Deletion failed.
194805 37470 31845 35130
194805 37470 73291 42770
194805 37470 31845 35130
194805 37470 31845 35130
194805 597035 459678 411393 438623
194805 597035 459678 411393 438623
194805 597035 939307 960457 943063 958548
194805 597035 939307 792554 848755 810945
194805 597035 939307 960457 943063 958548
194805 37470 73291 106897 142241 193566 187926
194805 37470 31845 35130
194805 597035 459678 589461
Deletion failed.
194805 597035 459678 411393 321131 259284 241521 256064 248212
194805 37470 73291 42770 40181
Deletion failed.
194805 597035 939307 787124 848755 810945 809028
194805 597035 939307 960457 989954 982840
Deletion failed.
194805 597035 939307 960457 989954 982840
194805 37470 73291 42770 40181
194805 37470 31845 26421 16944
194805 37470 73291 106897 142241
Deletion failed.
194805 37470 73291 106897 142241
Deletion failed.
194805 597035 939307 960457 943063 940258
194805 597035 939307 960457 943063 940258
194805 37470 73291 106897 103103
194805 37470 31845 26421
194805 597035 939307 960457 943063 940258
Deletion failed.
194805 597035 459678 589461 524062 523923 487990
Deletion failed.
194805 597035 939307 960457 989954 961224
Deletion failed.
194805 597035 459678 411393 321131 259717 241521 256064
194805 37470 73291 42770 40181
194805 597035 939307 796056 680254 775171
194805 597035 939307 796056 848755 885455 863501 853885
Deletion failed.
Deletion failed.
194805 37470 26421 16944
194805 597035 487990 411393 321131 373570 373835
194805 37470 26421
194805 37470 73291 42770
Deletion failed.
194805 597035 487990 411393 438623
194805 597035 939307 796056 680254 775171
194805 37470 26421 16944
194805 597035 487990 589461
194805 597035 487990 411393 438623
Deletion failed.
Deletion failed.
194805 597035 939307 958548 989954
194805 37470 26421 16944
194805 597035 939307 796056 848755 810945
194805 597035 487990 589461 524062 562994
194805 37470 73291 42770
194805 597035 487990 589461 524062 562994
194805 37470 26421
194805 37470 26421 16944
194805 37470 73291 42770 40181
Deletion failed.
194805 37470 26421 16944
Deletion failed.
194805 37470 26421
194805 37470 73291 106897 103103
Deletion failed.
194805 597035 939307 796056 680254 775171 740137 770667
Deletion failed.
Deletion failed.
194805 37470 73291 106897 103103
194805 597035 939307 958548 943063
Deletion failed.
194805 37470 26421 16944
194805 597035 487990 404985 438623 447596 481206
194805 37470 73291 106897 142241 187926
194805 37470 26421 16944
194805 37470 26421
194805 37470 73291 42770 40181
194805 37470 73291 42770 68395
194805 597035 940258 943063
194805 597035 940258 943063
194805 597035 513893 404985 321131 259717 313237
Deletion failed.
194805 37470 26421
194805 37470 73291 106897 187926 117951 157108
194805 597035 513893 404985 321131 259717 313237
194805 37470 26421
194805 597035 943063 989954 981142
Deletion failed.
Deletion failed.
194805 37470 73291 106897 103103
194805 37470 73291 106897 103103
194805 37470 26421
Deletion failed.
194805 597035 943063 801947 848755 810945 823290
194805 597035 943063 801947 672642 640071 659970 656896
194805 597035 513893 404985 321131 259717 232856 198232 195061
194805 37470 73291 68395
Deletion failed.
194805 597035 513893 404985 321131 373570 373835
194805 37470 26421
Deletion failed.
194805 566226 513893 404985 438623 421616 410708
Deletion failed.
194805 566226 513893 562994
194805 566226 513893 562994
194805 566226 513893 562994
194805 37470 26421
194805 65331 68395 106897 187926 157108 171165
194805 566226 943063 981142
194805 566226 513893 562994
194805 65331 26421 14205
194805 65331 26421 14205
194805 65331 68395 106897 187926 157108 171165
194805 65331 26421 41851
Deletion failed.
Deletion failed.
194805 65331 26421 41851
194805 65331 14205
194805 566226 513893 404985 321131 373570 373835
194805 566226 943063 981142
194805 566226 943063 981142
194805 566226 513893 562994
194805 65331 14205 41851 34179 30528
194805 566226 513893 562994 550662 548929
Deletion failed.
Deletion failed.
Deletion failed.
194805 65331 14205
194805 65331 68395 106897 84515 89197
Deletion failed.
Deletion failed.
Deletion failed.
194805 65331 68395 106897 84515 89197
Deletion failed.
194805 566226 943063 729317 672642 640071
194805 68395 41851 34179 30528
194805 68395 41851 34179
Deletion failed.
Deletion failed.
187926 566226 548929 405188 430406 421616 410708
187926 566226 981142 729317 823290 844716
187926 68395 41851 34179
187926 68395 89197
187926 566226 981142
Deletion failed.
187926 566226 548929 405188 430406 471156 449279
187926 566226 548929 405188 321131 373570 373835 380960
Deletion failed.
195061 68395 34179 30528
195061 68395 34179 30528
195061 68395 89197
195061 566226 981142
Deletion failed.
Deletion failed.
195061 68395 89197
195061 68395 34179 50425
195061 566226 981142 729317 823290 809776 797882
195061 566226 981142
195061 68395 34179 50425
Deletion failed.
195061 566226 494246 405188 430406 471156 480076
192129 68395 34179
192129 566226 494246 562994 530127
192129 566226 494246 405188 430406 410708 408133
192129 68395 89197 84515 71896
192129 566226 981142 729317 823290 809776
192129 566226 981142 729317 672642 663952 664938 664389
192129 566226 494246 562994
Deletion failed.
192129 566226 494246 562994
192129 566226 494246 562994
Deletion failed.
192129 68395 89197 84515
192129 566226 494246 562994 530127 561651
192129 68395 89197 84515
192129 68395 89197 184553
192129 68395 89197 184553
Deletion failed.
192129 68395 89197 84515
192129 566226 494246 562994
Deletion failed.
Deletion failed.
192129 68395 40828
192129 566226 494246 405188 321131 373570 359739 371063
192129 68395 89197 184553 130780 125103
192129 566226 981142 729317 836817 844716 976666 960282 968233
192129 68395 40828 34039
Deletion failed.
192129 68395 40828 34039
192129 566226 494246 562994 530127 519975
192129 68395 40828 51171
192129 68395 89197 130780 125103
192129 68395 40828 51171
192129 68395 40828 51171
192129 566226 981142 729317 709005 663952 608928 659085
192129 566226 981142 729196 836817 844716
192129 68395 40828 6904
Deletion failed.
192129 566226 981142 729196 836817 844716
192129 68395 84515 71896
192129 68395 84515 71896
192129 566226 981142 729196 836817 844716
192129 566226 981142
192129 68395 84515 130780 163089 166492
192129 68395 84515 130780 163089 166492
192129 68395 40828 51171
Deletion failed.
Deletion failed.
192129 68395 84515 130780 163089 166492
192129 566226 494246 405188 321131 376925 359739 371063
192129 68395 40828
192129 68395 84515 130780 163089 166492
192129 566226 981142 995586
192129 566226 981142 729196 709005 659085 664938
192129 566226 981142 729196 709005 711615
192129 566226 494246 519975 561651 560876
192129 566226 494246 519975 561651 560876
192129 566226 494246 519975 561651 560876
192129 566226 981142 995586
192129 68395 84515 71896
192129 566226 981142 995586
192129 566226 494246 519975
Deletion failed.
192129 566226 494246 405188 430406 442254
Deletion failed.
192129 566226 981142 729196 709005 711615
192129 566226 981142 729196 709005 711615
Deletion failed.
192129 71896 40828
192129 566226 981142 729196 836817 976666 965508 850881 892037 928409 904706
192129 71896 84515 130780 125103
192129 566226 494246 561651 560876
192129 71896 50679 6904
Deletion failed.
Deletion failed.
Deletion failed.
192129 71896 84515 130780 125103 107810 121172
192129 71896 84515
Deletion failed.
192129 561651 985732 729196 836817 976666 965508 850881 892037 928409 910570
192129 561651 494246 560876 559970 525352
192129 561651 985732 729196 836817 976666 965508 850881 892037 928409 910570
192129 50679 6904
192129 50679 6904
192129 561651 494246 410708 314789 198232 281187 294029
192129 561651 985732 729196 836817 783947 740085 779513 782070
192129 50679 84515
192129 50679 6904 25741
192129 561651 494246 410708 314789 198232
192129 50679 6904 25741
Deletion failed.
Deletion failed.
192129 50679 84515 130780 163089 134956 146550
192129 50679 6904 25741
192129 50679 6904
192129 50679 84515 130780 163089 134956
192129 50679 84515
192129 50679 6904 25741
Deletion failed.
Deletion failed.
192129 561651 985732 995586
192129 561651 494246 560876 525352
192129 561651 985732 712593 709005
192129 561651 985732 995586
192129 50679 6904 25741
192129 561651 494246 560876
Deletion failed.
192129 561651 985732 712593 836817 976666 965508 968233 976416
Deletion failed.
192129 561651 494246 410708 430406 421044
Deletion failed.
192129 25741 6904
192129 25741
192129 561651 985732 995586
192129 25741 73795 51686
192129 561651 494246 560876
192129 561651 494246 410708 430406 421044 429708
192129 561651 985732 995586
192129 561651 494246 560876
192129 561651 985732 712593 836817 782568 740085 713583
192129 25741 73795 51686
192129 561651 494246 410708 314789 376925 359739 370212
Deletion failed.
Deletion failed.
192129 561651 494246 560876 525352 509774 512813
Deletion failed.
192129 561651 985732 712593 836817 782568 740085 713583 740079
192129 561651 985732 712593 836817 782568 740085 779513 759393
192129 561651 985732 995586
192129 25741 73795 124055 107810
192129 25741
192129 561651 494246 560876
192129 25741
Deletion failed.
164289 561651 494246 410708 314789 271861 263495
164289 25741
Deletion failed.
164289 25741 73795 124055 146550
Deletion failed.
164289 561651 995586 712593 836817 976666
Deletion failed.
164289 561651 494246 410708 344241 376925 359739 357709 355298
164289 561651 995586
Deletion failed.
Deletion failed.
Deletion failed.
164289 73795 124055 146550
164289 561651 494246 560876
164289 73795 51686
164289 561651 995586 712593 651997 664938 691078 682319
164289 561651 494246 410708 344241 402961 359739 357709 355298
164289 73795 51686
164289 73795 51686
164289 561651 494246 410708 442254 421044
164289 561651 995586 998347
164289 73795 134956 107810
Deletion failed.
164289 73795 134956 107810
164289 73795 134956 146550
Deletion failed.
164289 73795 51686
164289 73795 51686
164289 73795 134956 107810 127469
164289 561651 494246 410708 442254 421044 432184
164289 561651 494246 410708 442254 421044
Deletion failed.
164289 561651 995586 998347
164289 73795 51686
164289 561651 995586
164289 561651 995586
164289 73795 134956 107810 127469
Deletion failed.
164289 73795 51686
164289 561651 995586 712593 651997 574419
164289 561651 995586 712593 651997 574419
164289 73795 134956 146550
164289 561651 494246 410708 344241 271861 294029 273663
Deletion failed.
164289 73795 134956 107810 94769
Deletion failed.
164289 73795 51686 21782 2417
164289 561651 494246 410708 442254 482406 486083 491785
164289 94769 51686
164289 51686 21782
164289 51686 21782 2417
164289 51686 134956 146550
164289 561651 995586 712593 836817 782568 740085 713583 740079
164289 51686 21782 2417 875
164289 561651 494246 410708 344241 402961 403826
164289 51686 134956 146550
Deletion failed.
164289 561651 494246 512813 509774 495908 500405
164289 561651 494246 512813 509774 495908 500405
164289 561651 494246 410708 442254 482406 486083 491785
Deletion failed.
164289 51686 21782
Deletion failed.
Deletion failed.
164289 21782 134956 107810 127469
164289 561651 494246 410708 344241 402961 403826
Deletion failed.
164289 21782 134956 158099
164289 21782 134956 158099
164289 561651 494246 512813 509774
164289 21782 2417
164289 561651 494246 410708 344241 402961 370212 400723
164289 21782 2417
164289 561651 995586 996516 995900
Deletion failed.
164289 21782 134956 158099 138124
164289 21782 2417
Deletion failed.
164289 561651 494246 512813 555892 526511 546205
Deletion failed.
Deletion failed.
164289 21782 2417
164289 21782 134956 107810 127469 111054
Deletion failed.
164289 561651 494246 512813 555892
Deletion failed.
164289 21782 134956 158099 138124
164289 561651 494246 410708 344241 271861 200573 218169 246102 222290
164289 21782 134956 107810 77819
Deletion failed.
Deletion failed.
Deletion failed.
164289 21782 2417
164289 561651 494246 410708 344241 271861 294029
Deletion failed.
164289 21782 2417
Deletion failed.
164289 561651 995586 712593 835399 976666 988055 985911
164289 561651 995586 712593 835399 976666 988055 992423
164289 21782 134956 158099 138124
Deletion failed.
164289 21782 134956 158099 138124
164289 561651 494246 512813 495908
164289 21782 2417
164289 21782 2417
164289 561651 995586 996516
164289 561651 995586 712593 835399 976666 988055 992423
164289 561651 494246 410708 442254 432184 439631
164289 21782 2417
164289 21782 2417
164289 561651 494246 512813 495908
164289 21782 134956 107810 127469 114772 109908
164289 21782 134956 107810 77819 50703
164289 21782 134956 158099 138124
Deletion failed.
164289 561651 494246 512813 555892
Deletion failed.
Deletion failed.
164289 561651 995586 712593 662586 586176 651390 654421 661588
Deletion failed.
164289 21782 2417
164289 561651 995586 712593 835399 782568 815771 834080
164289 21782 129359 158099
164289 561651 494246 512813 555892 517505
164289 561651 494246 410708 442254 432184 413334 425229
164289 21782 2417
Deletion failed.
164289 555892 995586 996516
164289 21782 129359 107810 127469 114772 109908
164289 21782 129359 107810 77819
164289 21782 2417 18242
164289 21782 2417 18242
164289 555892 494246 500405 495908
164289 555892 494246 500405 495908
164289 555892 494246 500405 517505
164289 21782 129359 109908 77819
164289 555892 995586
164289 21782 2417
164289 21782 2417
Deletion failed.
164289 555892 995586 712593 662586 664938
164289 21782 2417 18242 5220
164289 21782 129359 109908 127469 114772
164289 21782 2417 18242 5220
164289 555892 494246 500405 517505 512609
Deletion failed.
164289 21782 129359 158099
164289 21782 129359 109908 127469 114772
Deletion failed.
164289 21782 18242
164289 21782 18242
164289 21782 129359 109908 50703 37059
164289 21782 129359 158099 138124
164289 21782 129359 158099
164289 21782 18242 5220
164289 561915 995586 712593 835399 985911 988055
164289 561915 995586 712593 835399 985911 988055
164289 561915 494246 500405 512609 519963
Deletion failed.
164289 561915 494246 500405 512609
164289 561915 494246 500405 512609 519963 516373
Deletion failed.
164289 18242 5220
164289 561915 995586
164289 561915 494246 410708 432184 430035 417109
Deletion failed.
164289 18242 129359 114772 127469
